####################################################################################
#                                                                                  #
#                                                                                  #
#                                                                                  #
#                                                                                  #
#                                                                                  #
#                                        ...  .                                    #
#..............#            #          ..........                                  #
#..............#            #          ...........                                 #
#..............#            #           ..........                                 #
#..............#            #                   .                                  #
#..............#            #                                                      #
#..............#            #                                                      #
#..............#            #                                                      #
#..............#............#                                                      #
#..............#............#                                                      #
#..............#............#                                                      #
#..............#............#                                                      #
#..............#............#                                                      #
#..............#............#                                                      #
#..............#............#                                                      #
#..............#............#                                                      #
#..............#............################                     #                 #
#...........................#....................................#                 #
#...........................#....................................#                 #
#...........................#....................................#                 #
##################################################################                 #
#                                                                                  #
#                                                                                  #
#                                                                                  #
#                                                                                  #
#                                                                                  #
#                                                                                  #
#                                                                                  #
#                                                                                  #
####################################################################################
0.0999908
0 0 0 0 0 0 0 0 0 0 0 0 0 0 0 0 0 0 0 0 0 0 0 0 0 0 0 0 0 0 0 0 0.00999451 0 0 0 0 0 0 0 0 0 0 0 0 0 1000 0 0 0 0 0 0 0 0 0 0 0 0 0 0 0 0 0 0 0 0 0 0 0 0 0 0 0 0 0 0 0 0 0 0 0 0 0 0 0 0 0 0 0 0 0 0 0 0 0 0 0 0 0 0 0 0 0 0 0 0 0 0 0 0 0 0 0 0 0 0 0 0 0 0 0 0 0 0 0 0 0 0 0 0 0 0 0 0 0 0 0 0 0 0 0 0 0 0 0 0 0 0 0 0 0 0 0 0 0 0 0 0 0 0 0 0 0 0 0 0 0 0 0 0 0 0 0 0 0 0 0 0 0 0 0 0 0 0 0 0 0 0 0 0 0 0 0 0 0 0 0 0 0 0 0 0 0 0 0 0 0 0 0 0 0 0 0 0 0 0 0 0 0 0 0 0 0 0 0 0 0 0 0 0 0 0 0 0 0 0 0 0 0 0 0 0 0 0 0 0 0 0 0 0 0 0 0 0 0 
29
0 0 0 0 0 0 0 0 0 0 0 0 0 0 0 0 0 0 0 0 0 0 0 0 0 0 0 0 0 0 0 0 0 0 0 0 0 0 0 0 0 0 0 0 0 0 0 0 0 0 0 0 0 0 0 0 0 0 0 0 0 0 0 0 0 0 0 0 0 0 0 0 0 0 0 0 0 0 0 0 0 0 0 0 
0 0 0 0 0 0 0 0 0 0 0 0 0 0 0 0 0 0 0 0 0 0 0 0 0 9.15527e-05 0.000396729 0.00161743 0.00402832 0.0131531 0.0252533 0.0714874 0.114212 0.273132 0.379059 0.733566 0.92836 1.35091 1.56943 1.59541 1.65295 1.21796 1.09763 0.777023 0.670563 0.739655 1.01762 1.19928 1.31007 1.60364 1.39212 1.36984 0.925003 0.744186 0.397598 0.27179 0.117157 0.0702972 0.0253448 0.013031 0.00401306 0.00158691 0.000396729 9.15527e-05 0 0 0 0 0 0 0 0 0 0 0 0 0 0 0 0 0 0 0 0 
0 0.000961304 0.000946045 0.000946045 0.000946045 0.000946045 0.000946045 0.000946045 0.000946045 0.000946045 0.000946045 0.000946045 0.000946045 0.000946045 0.000946045 0.000946045 0.000946045 0.000946045 0.000946045 0.000946045 0.000946045 0.000946045 0.000946045 0.000946045 0.000946045 0.00102234 0.00141907 0.00234985 0.00645447 0.0129395 0.0385132 0.0691986 0.179825 0.278961 0.6026 0.829941 1.41309 1.75964 2.15042 2.36836 1.98633 1.89528 1.31752 1.54726 0.924927 1.3989 1.1877 1.92917 1.89915 1.92743 2.10786 1.63358 1.39334 0.852982 0.596954 0.292572 0.175949 0.0706329 0.0377502 0.0129395 0.00637817 0.00234985 0.00141907 0.00102234 0.000946045 0.000946045 0.000946045 0.000946045 0.000946045 0.000946045 0.000946045 0.000946045 0.000946045 0.000946045 0.000946045 0.000946045 0.000946045 0.000946045 0.000946045 0.000946045 0.000946045 0.000946045 0.000961304 0 
0 0.00192261 0.00189209 0.00189209 0.00189209 0.00189209 0.00189209 0.00189209 0.00189209 0.00189209 0.00189209 0.00189209 0.00189209 0.00189209 0.00189209 0.00189209 0.00189209 0.00189209 0.00189209 0.00189209 0.00189209 0.00189209 0.00189209 0.00189209 0.00189209 0.00202942 0.00250244 0.0045929 0.00866699 0.0243835 0.0482025 0.1306 0.228302 0.531769 0.812027 1.56216 2.11108 3.08096 3.63286 3.63654 3.57643 2.67561 3.77814 1.93518 3.7175 1.65251 3.76904 2.42192 4.03876 3.4567 3.14531 2.97749 2.03955 1.49519 0.848297 0.514267 0.238998 0.126022 0.0490265 0.0236816 0.00854492 0.00450134 0.00248718 0.00202942 0.00189209 0.00189209 0.00189209 0.00189209 0.00189209 0.00189209 0.00189209 0.00189209 0.00189209 0.00189209 0.00189209 0.00189209 0.00189209 0.00189209 0.00189209 0.00189209 0.00189209 0.00189209 0.00192261 0 
0 0.00286865 0.00283813 0.00283813 0.00283813 0.00283813 0.00283813 0.00283813 0.00283813 0.00283813 0.00283813 0.00283813 0.00283813 0.00283813 0.00283813 0.00283813 0.00283813 0.00283813 0.00283813 0.00283813 0.00283813 0.00283813 0.00283813 0.00283813 0.00288391 0.00308228 0.00408936 0.00646973 0.0157928 0.0329285 0.0896454 0.173676 0.429688 0.725769 1.54242 2.27431 3.88901 4.98741 6.09529 6.31624 5.2131 6.10248 4.00687 8.1097 3.43312 7.47581 3.46039 8.27371 5.08545 7.99966 6.01308 4.71417 3.73242 2.28148 1.45256 0.765869 0.40831 0.180893 0.0853729 0.0327301 0.0150299 0.00631714 0.0039978 0.00306702 0.00288391 0.00283813 0.00283813 0.00283813 0.00283813 0.00283813 0.00283813 0.00283813 0.00283813 0.00283813 0.00283813 0.00283813 0.00283813 0.00283813 0.00283813 0.00283813 0.00283813 0.00283813 0.00286865 0 
0 0.00382996 0.00378418 0.00378418 0.00378418 0.00378418 0.00378418 0.00378418 0.00378418 0.00378418 0.00378418 0.00378418 0.00378418 0.00378418 0.00378418 0.00378418 0.00378418 0.00378418 0.00378418 0.00378418 0.00378418 0.00378418 0.00378418 0.00378418 0.00384521 0.00421143 0.00540161 0.0100861 0.021225 0.0567322 0.116821 0.299881 0.558975 1.28581 2.08052 4.05141 5.7178 8.4913 9.82436 10.147 8.51604 6.57869 10.1706 6.92941 13.215 6.19991 11.5822 7.41081 15.7668 10.3899 12.8285 8.6405 5.7809 3.84201 2.15096 1.20291 0.591537 0.281372 0.119354 0.051651 0.0201874 0.00964355 0.0052948 0.00418091 0.00384521 0.00378418 0.00378418 0.00378418 0.00378418 0.00378418 0.00378418 0.00378418 0.00378418 0.00378418 0.00378418 0.00378418 0.00378418 0.00378418 0.00378418 0.00378418 0.00378418 0.00378418 0.00382996 0 
0 0.00474548 0.00469971 0.00468445 0.00468445 0.00468445 0.00468445 0.00468445 0.00468445 0.00468445 0.00468445 0.00468445 0.00468445 0.00468445 0.00468445 0.00471497 0.00468445 0.00468445 0.00468445 0.00468445 0.00468445 0.00468445 0.00468445 0.00468445 0.00479126 0.00523376 0.00695801 0.0117645 0.0326996 0.076355 0.182434 0.367249 0.894577 1.59435 3.43141 5.34839 9.40057 12.5191 16.6529 26.7931 16.9564 11.3127 9.59273 14.1603 11.8342 20.1105 10.6381 21.828 16.0682 27.0151 18.0158 15.2705 9.59218 5.57054 3.23172 1.68291 0.8349 0.386047 0.166168 0.0682678 0.0282288 0.0121918 0.00694275 0.00520325 0.00479126 0.00468445 0.00468445 0.00468445 0.00468445 0.00468445 0.00468445 0.00468445 0.00468445 0.00468445 0.00468445 0.00468445 0.00468445 0.00468445 0.00468445 0.00468445 0.00468445 0.00469971 0.00474548 0 
0 0.00556946 0.00550842 0.00547791 0.00547791 0.00547791 0.00547791 0.00547791 0.00547791 0.00547791 0.00547791 0.00547791 0.00547791 0.00547791 0.00552368 0 0.00552368 0.00547791 0.00547791 0.00547791 0.00547791 0.00547791 0.00547791 0.00547791 0.0055542 0.00584412 0.00660706 0.00823975 0 0.130936 0.216156 0.523239 1.02213 2.36746 4.06488 8.14499 12.3694 20.0397 26.335 74.2114 10.8397 81.9348 86.6084 70.7318 35.9837 33.0633 56.116 30.1621 31.6565 33.7052 35.0805 22.7998 13.8185 8.19853 4.28606 2.24072 1.09093 0.485016 0.213318 0.0849304 0.0348663 0.0151672 0.008255 0.00619507 0.00563049 0.00549316 0.00547791 0.00547791 0.00547791 0.00547791 0.00547791 0.00547791 0.00547791 0.00547791 0.00547791 0.00547791 0.00547791 0.00547791 0.00547791 0.00547791 0.00547791 0.00552368 0.00556946 0 
0 99.9194 99.9013 99.8896 99.8837 99.8809 99.882 99.8821 99.8821 99.882 99.8809 99.8837 99.8896 99.9013 99.9194 0 0.00622559 0.00616455 0.00613403 0.00611877 0.00611877 0.00611877 0.00611877 0.00611877 0.00614929 0.00630188 0.00665283 0.00720215 0 0.149734 0.272049 0.554779 1.34309 2.52608 5.55142 9.34399 17.5737 26.9292 40.9034 49.0094 120.426 145.081 160.84 155.996 140.514 137.243 138.855 130.013 109.654 67.6156 51.5645 32.6514 20.1607 10.0555 5.52623 2.71094 1.27785 0.588501 0.23819 0.101227 0.0392303 0.0174713 0.00950623 0.00701904 0.00634766 0.00614929 0.00611877 0.00611877 0.00611877 0.00611877 0.00611877 0.00611877 0.00611877 0.00611877 0.00611877 0.00611877 0.00611877 0.00611877 0.00611877 0.00611877 0.00616455 0.00621033 0.00630188 0 
0 199.209 199.07 198.975 198.909 198.871 198.85 198.84 198.84 198.85 198.871 198.909 198.975 199.07 199.209 0 0.00679016 0.00669861 0.00663757 0.0065918 0.0065918 0.0065918 0.0065918 0.0065918 0.0065918 0.00668335 0.0068512 0.00712585 0 0.165344 0.271072 0.638397 1.3017 3.03708 5.52582 11.5508 19.516 35.5249 58.2983 130.05 177.198 201.361 223.721 231.213 229.356 223.777 215.861 202.347 179.416 135.874 73.17 44.5963 22.5304 12.9203 6.03302 3.00829 1.4205 0.601654 0.267197 0.101181 0.0432281 0.0184479 0.0104218 0.00765991 0.0068512 0.00663757 0.0065918 0.0065918 0.0065918 0.0065918 0.0065918 0.0065918 0.0065918 0.0065918 0.0065918 0.0065918 0.0065918 0.0065918 0.0065918 0.00660706 0.00666809 0.00675964 0.0068512 0 
0 296.084 295.497 295.083 294.813 294.638 294.545 294.502 294.502 294.545 294.638 294.813 295.083 295.497 296.084 0 0.00720215 0.00708008 0.00695801 0.00689697 0.00689697 0.00689697 0.00689697 0.00689697 0.00689697 0.00695801 0.00709534 0.0072937 0 0.156082 0.271439 0.571304 1.3719 2.67513 5.94029 10.4677 20.7206 34.6015 60.3362 97.2846 157.785 193.887 215.667 224.355 226.044 222.014 213.734 200.31 182.216 139.937 80.7525 43.5805 25.8542 11.953 6.38503 2.985 1.34419 0.618225 0.239746 0.105164 0.0396118 0.0190887 0.0105133 0.00802612 0.00717163 0.00694275 0.00689697 0.00689697 0.00689697 0.00689697 0.00689697 0.00689697 0.00689697 0.00689697 0.00689697 0.00689697 0.00689697 0.00689697 0.00689697 0.00694275 0.00701904 0.00712585 0.0072937 0 
0 386.975 385.273 384.082 383.293 382.806 382.536 382.422 382.422 382.536 382.806 383.293 384.082 385.273 386.975 0 0.00746155 0.00730896 0.00718689 0.00712585 0.00708008 0.00708008 0.00708008 0.00708008 0.00712585 0.00718689 0.00730896 0.00749207 0 0.136917 0.230194 0.527313 1.1032 2.54849 4.71242 9.84003 16.5769 30.503 47.9247 76.0396 106.229 132.403 146.444 155.614 157.17 155.03 147.582 141.795 139.427 99.9185 61.7863 39.3052 19.7601 11.4914 5.37212 2.58981 1.23355 0.50499 0.229065 0.0845642 0.0384369 0.0167084 0.010498 0.00801086 0.00733948 0.00712585 0.00708008 0.00708008 0.00708008 0.00708008 0.00708008 0.00708008 0.00708008 0.00708008 0.00708008 0.00708008 0.00708008 0.00708008 0.00708008 0.00714111 0.00726318 0.00738525 0.00756836 0 
0 467.03 463.32 460.749 459.056 458.015 457.443 457.204 457.204 457.443 458.015 459.056 460.749 463.32 467.03 0 0.00765991 0.00746155 0.00733948 0.00721741 0.00717163 0.00717163 0.00717163 0.00717163 0.00721741 0.00733948 0.00746155 0.00765991 0 0.112595 0.18541 0.399643 0.933868 1.84326 4.02136 7.00035 13.5615 21.3985 35.8151 50.853 70.9543 84.6842 96.8608 101.842 104.474 101.864 98.1245 89.4061 83.1089 61.561 44.1127 25.6179 16.2105 8.09097 4.20294 2.09889 0.922256 0.43457 0.166122 0.0756073 0.0292664 0.0157013 0.00956726 0.00799561 0.00735474 0.00720215 0.00717163 0.00717163 0.00717163 0.00717163 0.00717163 0.00717163 0.00717163 0.00717163 0.00717163 0.00717163 0.00717163 0.00717163 0.00718689 0.00724792 0.00735474 0.00753784 0.00773621 0 
0 531.885 525.389 520.911 517.995 516.214 515.237 514.829 514.829 515.237 516.214 517.995 520.911 525.389 531.885 0 0.00775146 0.00752258 0.00738525 0.00727844 0.00721741 0.00720215 0.00720215 0.00721741 0.00727844 0.00738525 0.00752258 0.00775146 0 0.0809174 0.137299 0.298447 0.63623 1.42522 2.62772 5.34845 8.69408 15.4421 22.4541 33.8052 43.0822 53.7771 59.5276 64.6008 65.2738 64.4736 60.2166 55.8956 47.1613 38.2118 25.8941 17.736 10.0313 5.66628 3.01402 1.43637 0.708099 0.288452 0.13475 0.0511475 0.0252075 0.0125885 0.00918579 0.00773621 0.00737 0.00723267 0.00720215 0.00720215 0.00720215 0.00720215 0.00720215 0.00720215 0.00720215 0.00720215 0.00720215 0.00720215 0.00720215 0.00720215 0.00721741 0.00727844 0.00740051 0.00758362 0.00782776 0 
0 579.539 569.915 563.334 559.068 556.49 555.085 554.499 554.499 555.085 556.49 559.068 563.334 569.915 579.539 0 0.00775146 0.00747681 0.00737 0.00730896 0.00724792 0.00723267 0.00723267 0.00724792 0.00730896 0.00737 0.00747681 0.00775146 0 0.059906 0.0910797 0.19812 0.440048 0.879868 1.85487 3.18439 5.98813 9.03658 14.6143 19.5015 26.5467 31.068 36.0658 37.9663 39.375 38.2139 36.1777 32.0431 27.8061 21.3362 15.8009 10.2306 6.3344 3.63335 1.89229 0.984299 0.434189 0.210587 0.08284 0.0399017 0.0176697 0.0112762 0.00834656 0.00764465 0.00733948 0.00726318 0.00723267 0.00723267 0.00723267 0.00723267 0.00723267 0.00723267 0.00723267 0.00723267 0.00723267 0.00723267 0.00723267 0.00723267 0.00724792 0.00730896 0.00744629 0.00762939 0.00787354 0 
0 611.047 598.511 589.995 584.519 581.229 579.452 578.711 578.711 579.452 581.229 584.519 589.995 598.51 611.047 0 99.9238 99.9054 99.894 99.8867 99.882 99.882 99.882 99.882 99.8867 99.894 99.9054 99.9238 0 0.037384 0.061264 0.122467 0.264618 0.563492 1.04767 2.05722 3.28561 5.66953 7.93703 11.6847 14.4357 18.0493 19.9168 21.8226 22.0234 21.8379 20.2407 18.2493 15.1738 12.1134 8.7139 5.92409 3.68408 2.10692 1.16537 0.561829 0.285065 0.119583 0.0583038 0.0248566 0.0144196 0.0093689 0.00802612 0.00744629 0.00730896 0.00726318 0.00726318 0.00726318 0.00726318 0.00726318 0.00726318 0.00726318 0.00726318 0.00726318 0.00726318 0.00726318 0.00726318 0.00726318 0.00727844 0.00733948 0.00746155 0.00767517 0.00791931 0 
0 629.729 614.902 604.893 598.496 594.672 592.617 591.765 591.764 592.615 594.666 598.482 604.877 614.885 629.709 0 199.213 199.075 198.983 198.922 198.884 198.87 198.87 198.884 198.922 198.983 199.075 199.213 0 0.0263519 0.0358124 0.0743713 0.15271 0.310074 0.621689 1.07446 1.95053 2.9025 4.58168 5.98105 8.06119 9.36287 10.9101 11.5019 11.9635 11.5714 10.9452 9.61232 8.187 6.35365 4.7104 3.17094 1.99234 1.17801 0.623581 0.333084 0.151367 0.0760651 0.0330048 0.01828 0.0107574 0.0085907 0.00762939 0.00741577 0.00730896 0.0072937 0.0072937 0.0072937 0.0072937 0.0072937 0.0072937 0.0072937 0.0072937 0.0072937 0.0072937 0.0072937 0.0072937 0.0072937 0.00730896 0.00737 0.00749207 0.00767517 0.00791931 0 
0 639.648 623.285 612.285 605.286 601.122 598.892 597.965 597.952 598.843 601.002 605.039 611.844 622.645 638.966 0 296.093 295.509 295.104 294.84 294.688 294.624 294.624 294.688 294.84 295.104 295.509 296.093 0 0.01651 0.0235901 0.0406342 0.0847168 0.167389 0.316223 0.591476 0.952164 1.59027 2.21382 3.19943 3.93048 4.89215 5.41113 5.92868 5.99529 5.93246 5.47308 4.91701 4.0634 3.24356 2.34993 1.61417 1.02275 0.594589 0.336288 0.166779 0.0874329 0.039917 0.0219574 0.0122986 0.00927734 0.00785828 0.00747681 0.00733948 0.00732422 0.00732422 0.00732422 0.00732422 0.00732422 0.00732422 0.00732422 0.00732422 0.00732422 0.00732422 0.00732422 0.00732422 0.00732422 0.00732422 0.00732422 0.00738525 0.00750732 0.00769043 0.00791931 0 
0 644.374 627.112 615.543 608.205 603.85 601.514 600.514 600.428 601.2 603.046 606.602 612.886 623.326 639.856 0 386.99 385.29 384.124 383.37 382.938 382.748 382.748 382.938 383.37 384.124 385.29 386.99 0 0.0125885 0.0146027 0.0246582 0.0435638 0.0858765 0.160172 0.281204 0.487473 0.733337 1.12445 1.47314 1.95731 2.28401 2.64806 2.8062 2.90675 2.81407 2.64828 2.31612 1.96477 1.52255 1.13234 0.769165 0.489212 0.294464 0.15979 0.0881805 0.0431824 0.0243225 0.0135803 0.00994873 0.00811768 0.00759888 0.00738525 0.00732422 0.00732422 0.00732422 0.00732422 0.00732422 0.00732422 0.00732422 0.00732422 0.00732422 0.00732422 0.00732422 0.00732422 0.00732422 0.00732422 0.00732422 0.00732422 0.00738525 0.00750732 0.00769043 0.00791931 0 
0 646.396 628.67 616.815 609.306 604.84 602.416 601.298 601.017 601.472 602.845 605.736 611.125 620.615 636.495 0 467.05 463.358 460.825 459.2 458.276 457.872 457.872 458.276 459.202 460.829 463.357 467.053 0 0.00978088 0.0111542 0.0146942 0.0248108 0.0422516 0.0775604 0.13504 0.220535 0.352585 0.497635 0.700882 0.869492 1.06833 1.19041 1.29271 1.30934 1.28508 1.18544 1.05804 0.873337 0.695084 0.505951 0.349487 0.224945 0.133423 0.0782318 0.0416107 0.0244751 0.0141754 0.010376 0.00828552 0.00767517 0.00741577 0.00732422 0.00732422 0.00732422 0.00732422 0.00732422 0.00732422 0.00732422 0.00732422 0.00732422 0.00732422 0.00732422 0.00732422 0.00732422 0.00732422 0.00732422 0.00732422 0.00732422 0.00738525 0.00750732 0.00769043 0.00791931 0 
0 647.169 629.232 617.247 609.645 605.107 602.577 601.314 600.847 600.97 601.769 603.699 607.671 615.381 629.714 0 531.817 525.337 520.937 518.153 516.578 515.9 515.915 516.612 518.214 521.028 525.444 531.917 0 0.00895691 0.00920105 0.0111542 0.0148773 0.0240936 0.0387726 0.065918 0.106201 0.161606 0.237366 0.315475 0.408829 0.481537 0.547836 0.575943 0.573486 0.549805 0.5112 0.447571 0.377228 0.293991 0.218689 0.151123 0.0977173 0.0614471 0.0357819 0.0223999 0.0138702 0.010376 0.00839233 0.00773621 0.00741577 0.00732422 0.00732422 0.00732422 0.00732422 0.00732422 0.00732422 0.00732422 0.00732422 0.00732422 0.00732422 0.00732422 0.00732422 0.00732422 0.00732422 0.00732422 0.00732422 0.00732422 0.00732422 0.00738525 0.00750732 0.00769043 0.00791931 0 
0 647.434 629.409 617.366 609.713 605.114 602.506 601.113 600.412 600.13 600.189 600.816 602.684 607.372 618.514 0 577.171 567.735 561.905 558.44 556.539 555.763 555.889 556.966 559.333 563.469 569.983 579.582 0 0.0087738 0.00897217 0.0098114 0.0126343 0.0172882 0.0274963 0.04245 0.0673676 0.100739 0.142792 0.193176 0.241425 0.288208 0.316574 0.317398 0.25296 0.229141 0.208298 0.183777 0.152954 0.121567 0.0904999 0.0636444 0.0433197 0.027832 0.0188599 0.0127411 0.0100098 0.0083313 0.00775146 0.00743103 0.00735474 0.00732422 0.00732422 0.00732422 0.00733948 0.00743103 0.00733948 0.00732422 0.00732422 0.00732422 0.00732422 0.00732422 0.00732422 0.00732422 0.00732422 0.00732422 0.00732422 0.00732422 0.00732422 0.00738525 0.00750732 0.00769043 0.00791931 0 
0 647.505 629.45 617.378 609.702 605.065 602.387 600.852 599.886 599.101 598.263 597.294 596.365 596.194 600.225 0 585.662 582.538 581.868 580.636 579.781 579.532 580.036 581.603 584.74 590.117 598.576 611.089 0 0 0 0 0 0 0 0 0 0 0 0 0 0 0 0 0.103256 0.0928345 0.084137 0.0740204 0.0623779 0.0500183 0.038147 0.0283051 0.0202026 0.0149841 0.0112305 0.00935364 0.00816345 0.00769043 0.00743103 0.00733948 0.00732422 0.00732422 0.00732422 0.00737 0.00749207 0 0.00749207 0.00737 0.00732422 0.00732422 0.00732422 0.00732422 0.00732422 0.00732422 0.00732422 0.00732422 0.00732422 0.00732422 0.00732422 0.00738525 0.00750732 0.00769043 0.00791931 0 
0 647.52 629.451 617.371 609.683 605.022 602.288 600.631 599.429 598.186 596.496 593.905 589.799 582.8 568.664 530.778 564.696 578.498 585.262 588.52 590.12 591.187 592.494 594.706 598.555 604.941 614.937 629.751 0 0 0 0 0 0 0 0 0 0 0 0 0 0 0 0.00857544 0.0366211 0.0417786 0.0397491 0.0348969 0.0294647 0.0239105 0.0189056 0.01474 0.011795 0.00973511 0.00856018 0.00787354 0.0075531 0.00740051 0.00733948 0.00732422 0.00732422 0.00732422 0.00732422 0.00733948 0.00753784 0 0.00756836 0.00740051 0.00733948 0.00732422 0.00732422 0.00732422 0.00732422 0.00732422 0.00732422 0.00732422 0.00732422 0.00732422 0.00732422 0.00738525 0.00750732 0.00769043 0.00791931 0 
0 647.52 629.451 617.368 609.673 604.998 602.229 600.51 599.178 597.692 595.549 592.201 586.967 579.04 567.917 556.28 566.74 577.478 585.288 590.394 593.597 595.827 597.92 600.717 605.137 612.239 623.278 639.65 0 99.9164 99.8986 99.8867 99.8777 99.8752 99.8764 99.8761 99.8761 99.8761 99.8761 99.8761 99.8761 99.8761 99.8761 99.8761 99.8848 99.8889 99.8896 99.8884 99.8847 99.8848 99.885 99.8821 99.8822 99.8821 99.8818 99.8815 99.8811 99.881 99.8813 99.8819 99.883 99.8853 99.8915 99.9045 99.9237 0 0.00750732 0.00737 0.00730896 0.00732422 0.00732422 0.00732422 0.00732422 0.00732422 0.00732422 0.00732422 0.00732422 0.00732422 0.00732422 0.00738525 0.00750732 0.00769043 0.00791931 0 
0 673.306 655.172 642.968 635.117 630.262 627.31 625.377 623.782 621.951 619.392 615.642 610.389 603.667 596.544 592.1 596.151 603.078 609.752 615.053 618.955 621.922 624.661 628.009 632.934 640.581 652.272 669.489 0 199.687 199.628 199.581 199.551 199.535 199.525 199.521 199.521 199.521 199.521 199.521 199.521 199.521 199.521 199.521 199.521 199.522 199.524 199.526 199.527 199.528 199.529 199.529 199.529 199.529 199.529 199.529 199.528 199.527 199.526 199.527 199.543 199.558 199.591 199.631 199.695 0 0.0072937 0.00721741 0.00723267 0.00727844 0.00732422 0.00732422 0.00732422 0.00732422 0.00732422 0.00732422 0.00732422 0.00732422 0.00732422 0.00738525 0.00750732 0.00769043 0.00791931 0 
0 0 0 0 0 0 0 0 0 0 0 0 0 0 0 0 0 0 0 0 0 0 0 0 0 0 0 0 0 0 0 0 0 0 0 0 0 0 0 0 0 0 0 0 0 0 0 0 0 0 0 0 0 0 0 0 0 0 0 0 0 0 0 0 0 0 0.0067749 0.00694275 0.00708008 0.00720215 0.00727844 0.00732422 0.00732422 0.00732422 0.00732422 0.00732422 0.00732422 0.00732422 0.00732422 0.00738525 0.00750732 0.00769043 0.00791931 0 
0 0 0 0 0 0 0 0 0 0 0 0 0 0 0 0 0 0 0 0 0 0 0 0 0 0 0 0 0 0 0 0 0 0 0 0 0 0 0 0 0 0 0 0 0 0 0 0 0 0 0 0 0 0 0 0 0 0 4.57764e-05 0.000152588 0.000305176 0.000595093 0.00102234 0.00167847 0.00262451 0.00396729 0.00579834 0.00654602 0.00692749 0.00709534 0.00723267 0.0072937 0.00732422 0.00732422 0.00732422 0.00732422 0.00732422 0.00732422 0.00732422 0.00738525 0.00750732 0.00769043 0.00791931 0 
0 0.000961304 0.000946045 0.000946045 0.000946045 0.000946045 0.000946045 0.000946045 0.000946045 0.000946045 0.000946045 0.000946045 0.000946045 0.000946045 0.000946045 0.000946045 0.000946045 0.000946045 0.000946045 0.000946045 0.000946045 0.000946045 0.000946045 0.000946045 0.000946045 0.000946045 0.000946045 0.000946045 0.000946045 0.000946045 0.000946045 0.000946045 0.000946045 0.000946045 0.000946045 0.000946045 0.000946045 0.000946045 0.000946045 0.000946045 0.000946045 0.000946045 0.000946045 0.000946045 0.000946045 0.000946045 0.000946045 0.000946045 0.000946045 0.000946045 0.000946045 0.000946045 0.000946045 0.000946045 0.000946045 0.000946045 0.000946045 0.000946045 0.000991821 0.00108337 0.00125122 0.00149536 0.00190735 0.00250244 0.00334167 0.00440979 0.00561523 0.00637817 0.00679016 0.0070343 0.00715637 0.00724792 0.00730896 0.00732422 0.00732422 0.00732422 0.00732422 0.00732422 0.00732422 0.00738525 0.00750732 0.00769043 0.00791931 0 
0 0.00192261 0.00189209 0.00189209 0.00189209 0.00189209 0.00189209 0.00189209 0.00189209 0.00189209 0.00189209 0.00189209 0.00189209 0.00189209 0.00189209 0.00189209 0.00189209 0.00189209 0.00189209 0.00189209 0.00189209 0.00189209 0.00189209 0.00189209 0.00189209 0.00189209 0.00189209 0.00189209 0.00189209 0.00189209 0.00189209 0.00189209 0.00189209 0.00189209 0.00189209 0.00189209 0.00189209 0.00189209 0.00189209 0.00189209 0.00189209 0.00189209 0.00189209 0.00189209 0.00189209 0.00189209 0.00189209 0.00189209 0.00189209 0.00189209 0.00189209 0.00189209 0.00189209 0.00189209 0.00189209 0.00189209 0.00189209 0.00189209 0.00193787 0.00201416 0.00215149 0.00239563 0.00276184 0.00326538 0.00396729 0.00480652 0.00567627 0.0063324 0.00675964 0.00698853 0.00715637 0.00721741 0.00727844 0.00732422 0.00732422 0.00732422 0.00732422 0.00732422 0.00732422 0.00738525 0.00750732 0.00769043 0.00791931 0 
0 0.00286865 0.00283813 0.00283813 0.00283813 0.00283813 0.00283813 0.00283813 0.00283813 0.00283813 0.00283813 0.00283813 0.00283813 0.00283813 0.00283813 0.00283813 0.00283813 0.00283813 0.00283813 0.00283813 0.00283813 0.00283813 0.00283813 0.00283813 0.00283813 0.00283813 0.00283813 0.00283813 0.00283813 0.00283813 0.00283813 0.00283813 0.00283813 0.00283813 0.00283813 0.00283813 0.00283813 0.00283813 0.00283813 0.00283813 0.00283813 0.00283813 0.00283813 0.00283813 0.00283813 0.00283813 0.00283813 0.00283813 0.00283813 0.00283813 0.00283813 0.00283813 0.00283813 0.00283813 0.00283813 0.00283813 0.00283813 0.00283813 0.00286865 0.00294495 0.00306702 0.00328064 0.00357056 0.0039978 0.00456238 0.00518799 0.00582886 0.00634766 0.00672913 0.00698853 0.0071106 0.00718689 0.00724792 0.00730896 0.00732422 0.00732422 0.00732422 0.00732422 0.00732422 0.00738525 0.00750732 0.00769043 0.00791931 0 
0 0.00382996 0.00378418 0.00378418 0.00378418 0.00378418 0.00378418 0.00378418 0.00378418 0.00378418 0.00378418 0.00378418 0.00378418 0.00378418 0.00378418 0.00378418 0.00378418 0.00378418 0.00378418 0.00378418 0.00378418 0.00378418 0.00378418 0.00378418 0.00378418 0.00378418 0.00378418 0.00378418 0.00378418 0.00378418 0.00378418 0.00378418 0.00378418 0.00378418 0.00378418 0.00378418 0.00378418 0.00378418 0.00378418 0.00378418 0.00378418 0.00378418 0.00378418 0.00378418 0.00378418 0.00378418 0.00378418 0.00378418 0.00378418 0.00378418 0.00378418 0.00378418 0.00378418 0.00378418 0.00378418 0.00378418 0.00378418 0.00378418 0.00379944 0.00387573 0.00396729 0.00410461 0.0043335 0.00466919 0.00511169 0.00558472 0.00605774 0.00646973 0.00675964 0.00697327 0.00712585 0.00720215 0.00726318 0.00732422 0.00732422 0.00732422 0.00732422 0.00732422 0.00732422 0.00738525 0.00750732 0.00769043 0.00791931 0 
0 0.00474548 0.00469971 0.00468445 0.00468445 0.00468445 0.00468445 0.00468445 0.00468445 0.00468445 0.00468445 0.00468445 0.00468445 0.00468445 0.00468445 0.00468445 0.00468445 0.00468445 0.00468445 0.00468445 0.00468445 0.00468445 0.00468445 0.00468445 0.00468445 0.00468445 0.00468445 0.00468445 0.00468445 0.00468445 0.00468445 0.00468445 0.00468445 0.00468445 0.00468445 0.00468445 0.00468445 0.00468445 0.00468445 0.00468445 0.00468445 0.00468445 0.00468445 0.00468445 0.00468445 0.00468445 0.00468445 0.00468445 0.00468445 0.00468445 0.00468445 0.00468445 0.00468445 0.00468445 0.00468445 0.00468445 0.00468445 0.00468445 0.00469971 0.00471497 0.004776 0.00489807 0.00506592 0.00531006 0.00563049 0.00596619 0.00630188 0.00662231 0.0068512 0.00701904 0.00715637 0.00721741 0.00727844 0.00732422 0.00732422 0.00732422 0.00732422 0.00732422 0.00732422 0.00738525 0.00750732 0.00769043 0.00791931 0 
0 0.00556946 0.00552368 0.00547791 0.00547791 0.00547791 0.00547791 0.00547791 0.00547791 0.00547791 0.00547791 0.00547791 0.00547791 0.00547791 0.00547791 0.00547791 0.00547791 0.00547791 0.00547791 0.00547791 0.00547791 0.00547791 0.00547791 0.00547791 0.00547791 0.00547791 0.00547791 0.00547791 0.00547791 0.00547791 0.00547791 0.00547791 0.00547791 0.00547791 0.00547791 0.00547791 0.00547791 0.00547791 0.00547791 0.00547791 0.00547791 0.00547791 0.00547791 0.00547791 0.00547791 0.00547791 0.00547791 0.00547791 0.00547791 0.00547791 0.00547791 0.00547791 0.00547791 0.00547791 0.00547791 0.00547791 0.00547791 0.00547791 0.00547791 0.00549316 0.00550842 0.00558472 0.00572205 0.00587463 0.006073 0.00631714 0.00656128 0.00675964 0.00694275 0.00708008 0.00715637 0.00723267 0.0072937 0.00732422 0.00732422 0.00732422 0.00732422 0.00732422 0.00732422 0.00738525 0.00750732 0.00769043 0.00791931 0 
0 0.00639343 0.00630188 0.00627136 0.00624084 0.00624084 0.00624084 0.00624084 0.00624084 0.00624084 0.00624084 0.00624084 0.00624084 0.00624084 0.00624084 0.00624084 0.00624084 0.00624084 0.00624084 0.00624084 0.00624084 0.00624084 0.00624084 0.00624084 0.00624084 0.00624084 0.00624084 0.00624084 0.00624084 0.00624084 0.00624084 0.00624084 0.00624084 0.00624084 0.00624084 0.00624084 0.00624084 0.00624084 0.00624084 0.00624084 0.00624084 0.00624084 0.00624084 0.00624084 0.00624084 0.00624084 0.00624084 0.00624084 0.00624084 0.00624084 0.00624084 0.00624084 0.00624084 0.00624084 0.00624084 0.00624084 0.00624084 0.00624084 0.00624084 0.00624084 0.0062561 0.00628662 0.00637817 0.00648499 0.00663757 0.00679016 0.00697327 0.00712585 0.00726318 0.00737 0.00743103 0.00747681 0.00752258 0.0075531 0.0075531 0.0075531 0.0075531 0.0075531 0.00758362 0.00765991 0.00778198 0.00798035 0.00819397 0 
0 0 0 0 0 0 0 0 0 0 0 0 0 0 0 0 0 0 0 0 0 0 0 0 0 0 0 0 0 0 0 0 0 0 0 0 0 0 0 0 0 0 0 0 0 0 0 0 0 0 0 0 0 0 0 0 0 0 0 0 0 0 0 0 0 0 0 0 0 0 0 0 0 0 0 0 0 0 0 0 0 0 0 0 
0 0 0 0 0 0 0 0 0 0 0 0 0 0 0 0 0 0 0 0 0 0 0 0 0 0 0 0 0 0 0 0 0 0 0 0 0 0 0 0 0 0 0 0 0 0 0 0 0 0 0 0 0 0 0 0 0 0 0 0 0 0 0 0 0 0 0 0 0 0 0 0 0 0 0 0 0 0 0 0 0 0 0 0 0 0 0 0 0 0 0 0 0 0 0 0 0 0 0 0 0 0 0 0 0 0 0 0 0 0 0 0 0 0 0 0 0 0 0 0 0 0 0 0 0 0 0 0 0 0 0 0 0 0 0 0 0 0 0 0 0 0 0 0 0 0 0 0 0 0 0 0 0 0 0 0 0 0 0 0 0 0 0 0 0 0 0 0 0 0 0 0 0 0 0 0 0 0 0 0 0 0 0 0 0 0 0 0 0 0 0 0 0 0 0 0 0 0 0 0 0 0 0 0 0 0 0 0 0 0 0 0 0 0 0 0 0 0 0 0 0 0 0 0 0 0 0 0 0 0 0 0 0 0 0 0 0 0 0 0 0 0 0 0 0 0 0 0 0 0 0 0 0 0 0 0 0 0 0 0 0 0 0 0 0 0 0 0 0 0 0 0 0 0 0 0 0 0 0 0 0 0 0 0 0 0 0 0 0 0 0 0 0 0 0 0 0 0 0 0 0 0 0 0 0 0 0 0 0 0 0 0 0 0 0 0 0 0 0 0 0 0 0 0 0 0 0 0 0 0 0 0 0 0 0 0 
0 0 0 0 0 0 0 0 0 0 0 0 0 0 0 0 0 0 0 0 0 0 0 0 0 0 0 0 0 0 0 0 0 0 0 0 0 0 0 0 0 0 0 0 0 0 0 0 0 0 0 0 0 0 0 0 0 0 0 0 0 0 0 0 0 0 0 0 0 0 0 0 0 0 0 0 0 0 0 0 0 0 0 0 0 0 0 0 0 0 0 0 0 0 0 0 0 0 0 0 0 0 0 0 0 0 0 0 0 0 0 0 0 0 0 0 0 0 0 0 0 0 0 0 0 0 0 0 0 0 0 0 0 0 0 0 0 0 0 0 0 0 0 0 0 0 0 0 0 0 0 0 0 0 0 0 0 0 0 0 0 0 0 0 0 0 0 0 0 0 0 0 0 0 0 0 0 0 0 0 0 0 0 0 0 0 0 0 0 0 0 0 0 0 0 0 0 0 0 0 0 0 0 0 0 0 0 0 0 0 0 0 0 0 0 0 0 0 0 0 0 0 0 0 0 0 0 0 0 0 0 0 0 0 0 0 0 0 0 0 0 0 0 0 0 0 0 0 0 0 0 0 0 0 0 0 0 0 0 0 0 0 0 0 0 0 0 0 0 0 0 0 0 0 0 0 0 0 0 0 0 0 0 0 0 0 0 0 0 0 0 0 0 0 0 0 0 0 0 0 0 0 0 0 0 0 0 0 0 0 0 0 0 0 0 0 0 0 0 0 0 0 0 0 0 0 0 0 0 0 0 0 0 0 0 0 
0 0 0 0 0 0 0 0 0 0 0 0 0 0 0 0 0 0 0 0 0 0 0 0 0 0 0 0 0 0 0 0 0 0 0 0 0 0 0 0 0 0 0 0 0 0 0 0 0 0 0 0 0 0 0 0 0 0 0 0 0 0 0 0 0 0 0 0 0 0 0 0 0 0 0 0 0 0 0 0 0 0 0 0 0 0 0 0 0 0 0 0 0 0 0 0 0 0 0 0 0 0 0 0 0 0 0 0 0 0 0 0 0 0 0 0 0 0 0 0 0 0 0 0 0 0 0 0 0 0 0 0 0 0 0 0 0 0 0 0 0 0 0 0 0 0 0 0 0 0 0 0 0 0 0 0 0 0 0 0 0 0 0 0 0 0 0 0 0 0 0 0 0 0 0 0 0 0 0 0 0 0 0 0 0 0 0 0 0 0 0 0 0 0 0 0 0 0 0 0 0 0 0 0 0 0 0 0 0 0 0 0 0 0 0 0 0 0 0 0 0 0 0 0 0 0 0 0 0 0 0 0 0 0 0 0 0 0 0 0 0 0 0 0 0 0 0 0 0 0 0 0 0 0 0 0 0 0 0 0 0 0 0 0 0 0 0 0 0 0 0 0 0 0 0 0 0 0 0 0 0 0 0 0 0 0 0 0 0 0 0 0 0 0 0 0 0 0 0 0 0 0 0 0 0 0 0 0 0 0 0 0 0 0 0 0 0 0 0 0 0 0 0 0 0 0 0 0 0 0 0 0 0 0 0 0 
0 0 0 0 0 0 0 0 0 0 0 0 0 0 0 0 0 0 0 0 0 0 0 0 0 0 0 0 0 0 0 0 0 0 0 0 0 0 0 0 0 0 0 0 0 0 0 0 0 0 0 0 0 0 0 0 0 0 0 0 0 0 0 0 0 0 0 0 0 0 0 0 0 0 0 0 0 0 0 0 0 0 0 0 0 0 0 0 0 0 0 0 0 0 0 0 0 0 0 0 0 0 0 0 0 0 0 0 0 0 0 0 0 0 0 0 0 0 0 0 0 0 0 0 0 0 0 0 0 0 0 0 0 0 0 0 0 0 0 0 0 0 0 0 0 0 0 0 0 0 0 0 0 0 0 0 0 0 0 0 0 0 0 0 0 0 0 0 0 0 0 0 0 0 0 0 0 0 0 0 0 0 0 0 0 0 0 0 0 0 0 0 0 0 0 0 0 0 0 0 0 0 0 0 0 0 0 0 0 0 0 0 0 0 0 0 0 0 0 0 0 0 0 0 0 0 0 0 0 0 0 0 0 0 0 0 0 0 0 0 0 0 0 0 0 0 0 0 0 0 0 0 0 0 0 0 0 0 0 0 0 0 0 0 0 0 0 0 0 0 0 0 0 0 0 0 0 0 0 0 0 0 0 0 0 0 0 0 0 0 0 0 0 0 0 0 0 0 0 0 0 0 0 0 0 0 0 0 0 0 0 0 0 0 0 0 0 0 0 0 0 0 0 0 0 0 0 0 0 0 0 0 0 0 0 0 
0 0 0 0 0 0 0 0 0 0 0 0 0 0 0 0 0 0 0 0 0 0 0 0 0 0 0 0 0 0 0 0 0 0 0 0 0 0 0 0 0 0 0 0 0 0 0 0 0 0 0 0 0 0 0 0 0 0 0 0 0 0 0 0 0 0 0 0 0 0 0 0 0 0 0 0 0 0 0 0 0 0 0 0 0 0 0 0 0 0 0 0 0 0 0 0 0 0 0 0 0 0 0 0 0 0 0 0 0 0 0 0 0 0 0 0 0 0 0 0 0 0 0 0 0 0 0 0 0 0 0 0 0 0 0 0 0 0 0 0 0 0 0 0 0 0 0 0 0 0 0 0 0 0 0 0 0 0 0 0 0 0 0 0 0 0 0 0 0 0 0 0 0 0 0 0 0 0 0 0 0 0 0 0 0 0 0 0 0 0 0 0 0 0 0 0 0 0 0 0 0 0 0 0 0 0 0 0 0 0 0 0 0 0 0 0 0 0 0 0 0 0 0 0 0 0 0 0 0 0 0 0 0 0 0 0 0 0 0 0 0 0 0 0 0 0 0 0 0 0 0 0 0 0 0 0 0 0 0 0 0 0 0 0 0 0 0 0 0 0 0 0 0 0 0 0 0 0 0 0 0 0 0 0 0 0 0 0 0 0 0 0 0 0 0 0 0 0 0 0 0 0 0 0 0 0 0 0 0 0 0 0 0 0 0 0 0 0 0 0 0 0 0 0 0 0 0 0 0 0 0 0 0 0 0 0 
0 0 0 0 0 0 0 0 0 0 0 0 0 0 0 0 0 0 0 0 0 0 0 0 0 0 0 0 0 0 0 0 0 0 0 0 0 0 0 0 0 0 0 0 0 0 0 0 0 0 0 0 0 0 0 0 0 0 0 0 0 0 0 0 0 0 0 0 0 0 0 0 0 0 0 0 0 0 0 0 0 0 0 0 0 0 0 0 0 0 0 0 0 0 0 0 0 0 0 0 0 0 0 0 0 0 0 0 0 0 0 0 0 0 0 0 0 0 0 0 0 0 0 0 0 0 0 0 0 0 0 0 0 0 0 0 0 0 0 0 0 0 0 0 0 0 0 0 0 0 0 0 0 0 0 0 0 0 0 0 0 0 0 0 0 0 0 0 0 0 0 0 0 0 0 0 0 0 0 0 0 0 0 0 0 0 0 0 0 0 0 0 0 0 0 0 0 0 0 0 0 0 0 0 0 0 0 0 0 0 0 0 0 0 0 0 0 0 0 0 0 0 0 0 0 0 0 0 0 0 0 0 0 0 0 0 0 0 0 0 0 0 0 0 0 0 0 0 0 0 0 0 0 0 0 0 0 0 0 0 0 0 0 0 0 0 0 0 0 0 0 0 0 0 0 0 0 0 0 0 0 0 0 0 0 0 0 0 0 0 0 0 0 0 0 0 0 0 0 0 0 0 0 0 0 0 0 0 0 0 0 0 0 0 0 0 0 0 0 0 0 0 0 0 0 0 0 0 0 0 0 0 0 0 0 0 
0 0 0 0 0 0 0 0 0 0 0 0 0 0 0 0 0 0 0 0 0 0 0 0 0 0 0 0 0 0 0 0 0 0 0 0 0 0 0 0 0 0 0 0 0 0 0 0 0 0 0 0 0 0 0 0 0 0 0 0 0 0 0 0 0 0 0 0 0 0 0 0 0 0 0 0 0 0 0 0 0 0 0 0 0 0 0 0 0 0 0 0 0 0 0 0 0 0 0 0 0 0 0 0 0 0 0 0 0 0 0 0 0 0 0 0 0 0 0 0 0 0 0 0 0 0 0 0 0 0 0 0 0 0 0 0 0 0 0 0 0 0 0 0 0 0 0 0 0 0 0 0 0 0 0 0 0.329193 0 0 0 0 0 0 0.329193 0 0 0 0 0 0 0 0 0 0.0155334 0 0 0 0 0.0155334 0 0 0 0 0 0 0 0 0 0 0 0 0 0 0 0 0 0 0 0 0 0 0 0 0 0 0 0 0 0 0 0 0 0 0 0 0 0 0 0 0 0 0 0 0 0 0 0 0 0 0 0 0 0 0 0 0 0 0 0 0 0 0 0 0 0 0 0 0 0 0 0 0 0 0 0 0 0 0 0 0 0 0 0 0 0 0 0 0 0 0 0 0 0 0 0 0 0 0 0 0 0 0 0 0 0 0 0 0 0 0 0 0 0 0 0 0 0 0 0 0 0 0 0 0 0 0 0 0 0 0 0 0 0 0 0 0 0 0 0 0 0 0 0 0 0 0 0 0 0 0 0 0 0 0 0 0 
0 0 0 0 0 0 0 0 0 0 0 0 0 0 0 0 0 0 0 0 0 0 0 0 0 0 0 0 0 0 0 0 0 0 0 0 0 0 0 0 0 0 0 0 0 0 0 0 0 0 0 0 0 0 0 0 0 0 0 0 0 0 0 0 0 0 0 0 0 0 0 0 0 0 0 0 0 0 0 0 0 0 0 0 0 0 0 0 0 0 0 0 0 0 0 0 0 0 0 0 0 0 0 0 0 0 0 0 0 0 0 0 0 0 0 0 0 0 0 0 0 0 0 0 0 0 0 0 0 0 0 0 0 0 0 0 0 0 0 0 0 0 0 0 0 0 0 0 0 0 0 0 0 0 0 0 0 0.164352 0.164841 0 0 0.329193 0 0 0 0 0 0 0 0 0 0 0 0.0199585 0 0.00732422 0.0155334 0 0 0 0 0 0 0 0 0.00149536 0 0 0 0 0 0 0 0.00772095 0 0 0 0 0.00772095 0 0 0 0 0 0 0 0 0 0 0 0 0 0 0 0 0 0 0 0 0 0 0 0 0 0 0 0 0 0 0 0 0 0 0 0 0 0 0 0 0 0 0 0 0 0 0 0 0 0 0 0 0 0 0 0 0 0 0 0 0 0 0 0 0 0 0 0 0 0 0 0 0 0 0 0 0 0 0 0 0 0 0 0 0 0 0 0 0 0 0 0 0 0 0 0 0 0 0 0 0 0 0 0 0 0 0 0 0 0 0 0 0 0 0 0 0 0 0 0 0 0 0 0 0 0 0 0 0 0 0 0 0 0 0 0 0 
0 0 0 0 0 0 0 0 0 0 0 0 0 0 0 0 0 0 0 0 0 0 0 0 0 0 0 0 0 0 0 0 0 0 0 0 0 0 0 0 0 0 0 0 0 0 0 0 0 0 0 0 0 0 0 0 0 0 0 0 0 0 0 0 0 0 0 0 0 0 0 0 0 0 0 0 0 0 0 0 0 0 0 0 0 0 0 0 0 0 0 0 0 0 0 0 0 0 0 0 0 0 0 0 0 0 0 0 0 0 0 0 0 0 0 0 0 0 0 0 0 0 0 0 0 0 0 0 0 0 0 0 0 0 0 0 0 0 0 0 0 0 0 0 0 0 0 0 0 0 0 0 0 0 0 0 0.164352 0 0 0 0 0 0.164352 0 0 0 0 0 0 0 0 0 0.0117493 0 0 0.00820923 0.00820923 0 0 0 0 0 0 0 0.00149536 0 0 0 0 0 0 0 0 0 0 0.00772095 0.00772095 0 0 0 0 0 0 0 0 0 0 0 0 0 0 0 0 0 0 0 0 0 0 0 0 0 0 0 0 0 0 0 0 0 0 0 0 0 0 0 0 0 0 0 0 0 0 0 0 0 0 0 0 0 0 0 0 0 0 0 0 0 0 0 0 0 0 0 0 0 0 0 0 0 0 0 0 0 0 0 0 0 0 0 0 0 0 0 0 0 0 0 0 0 0 0 0 0 0 0 0 0 0 0 0 0 0 0 0 0 0 0 0 0 0 0 0 0 0 0 0 0 0 0 0 0 0 0 0 0 0 0 0 0 0 0 0 0 0 0 
0 0 0 0 0 0 0 0 0 0 0 0 0 0 0 0 0 0 0 0 0 0 0 0 0 0 0 0 0 0 0 0 0 0 0 0 0 0 0 0 0 0 0 0 0 0 0 0 0 0 0 0 0 0 0 0 0 0 0 0 0 0 0 0 0 0 0 0 0 0 0 0 0 0 0 0 0 0 0 0 0 0 0 0 0 0 0 0 0 0 0 0 0 0 0 0 0 0 0 0 0 0 0 0 0 0 0 0 0 0 0 0 0 0 0 0 0 0 0 0 0 0 0 0 0 0 0 0 0 0 0 0 0 0 0 0 0 0 0 0 0 0 0 0 0 0 0 0 0 0 0 0 0 0 0 0 0 0 0 0 0 0 0 0 0 0 0 0 0 0 0 0 0 0 0 0 0 0 0 0 0 0 0 0 0 0 0 0 0 0 0 0 0 0 0 0 0 0 0 0 0 0 0 0 0 0 0 0 0 0 0 0 0 0 0 0 0 0 0 0 0 0 0 0 0 0 0 0 0 0 0 0 0 0 0 0 0 0 0 0 0 0 0 0 0 0 0 0 0 0 0 0 0 0 0 0 0 0 0 0 0 0 0 0 0 0 0 0 0 0 0 0 0 0 0 0 0 0 0 0 0 0 0 0 0 0 0 0 0 0 0 0 0 0 0 0 0 0 0 0 0 0 0 0 0 0 0 0 0 0 0 0 0 0 0 0 0 0 0 0 0 0 0 0 0 0 0 0 0 0 0 0 0 0 0 0 
0 0 0 0 0 0 0 0 0 0 0 0 0 0 0 0 0 0 0 0 0 0 0 0 0 0 0 0 0 0 0 0 0 0 0 0 0 0 0 0 0 0 0 0 0 0 0 0 0 0 0 0 0 0 0 0 0 0 0 0 0 0 0 0 0 0 0 0 0 0 0 0 0 0 0 0 0 0 0 0 0 0 0 0 0 0 0 0 0 0 0 0 0 0 0 0 0 0 0 0 0 0 0 0 0 0 0 0 0 0 0 0 0 0 0 0 0 0 0 0 0 0 0 0 0 0 0 0 0 0 0 0 0 0 0 0 0 0 0 0 0 0 0 0 0 0 0 0 0 0 0 0 0 0 0 0 0 0 0 0 0 0 0 0 0 0 0 0 0 0 0 0 0 0 0 0 0 0 0 0 0 0 0 0 0 0 0 0 0 0 0 0 0 0 0 0 0 0 0 0 0 0 0 0 0 0 0 0 0 0 0 0 0 0 0 0 0 0 0 0 0 0 0 0 0 0 0 0 0 0 0 0 0 0 0 0 0 0 0 0 0 0 0 0 0 0 0 0 0 0 0 0 0 0 0 0 0 0 0 0 0 0 0 0 0 0 0 0 0 0 0 0 0 0 0 0 0 0 0 0 0 0 0 0 0 0 0 0 0 0 0 0 0 0 0 0 0 0 0 0 0 0 0 0 0 0 0 0 0 0 0 0 0 0 0 0 0 0 0 0 0 0 0 0 0 0 0 0 0 0 0 0 0 0 0 0 
0 0 0 0 0 0 0 0 0 0 0 0 0 0 0 0 0 0 0 0 0 0 0 0 0 0 0 0 0 0 0 0 0 0 0 0 0 0 0 0 0 0 0 0 0 0 0 0 0 0 0 0 0 0 0 0 0 0 0 0 0 0 0 0 0 0 0 0 0 0 0 0 0 0 0 0 0 0 0 0 0 0 0 0 0 0 0 0 0 0 0 0 0 0 0 0 0 0 0 0 0 0 0 0 0 0 0 0 0 0 0 0 0 0 0 0 0 0 0 0 0 0 0 0 0 0 0 0 0 0 0 0 0 0 0 0 0 0 0 0 0 0 0 0 0 0 0 0 0 0 0 0 0 0 0 0 0 0 0 0 0 0 0 0 0 0 0 0 0 0 0 0 0 0 0 0 0 0 0 0 0 0 0 0 0 0 0 0 0 0 0 0 0 0 0 0 0 0 0 0 0 0 0 0 0 0 0 0 0 0 0 0 0 0 0 0 0 0 0 0 0 0 0 0 0 0 0 0 0 0 0 0 0 0 0 0 0 0 0 0 0 0 0 0 0 0 0 0 0 0 0 0 0 0 0 0 0 0 0 0 0 0 0 0 0 0 0 0 0 0 0 0 0 0 0 0 0 0 0 0 0 0 0 0 0 0 0 0 0 0 0 0 0 0 0 0 0 0 0 0 0 0 0 0 0 0 0 0 0 0 0 0 0 0 0 0 0 0 0 0 0 0 0 0 0 0 0 0 0 0 0 0 0 0 0 0 
0 0 0 0 0 0 0 0 0 0 0 0 0 0 0 0 0 0 0 0 0 0 0 0 0 0 0 0 0 0 0 0 0 0 0 0 0 0 0 0 0 0 0 0 0 0 0 0 0 0 0 0 0 0 0 0 0 0 0 0 0 0 0 0 0 0 0 0 0 0 0 0 0 0 0 0 0 0 0 0 0 0 0 0 0 0 0 0 0 0 0 0 0 0 0 0 0 0 0 0 0 0 0 0 0 0 0 0 0 0 0 0 0 0 0 0 0 0 0 0 0 0 0 0 0 0 0 0 0 0 0 0 0 0 0 0 0 0 0 0 0 0 0 0 0 0 0 0 0 0 0 0 0 0 0 0 0 0 0 0 0 0 0 0 0 0 0 0 0 0 0 0 0 0 0 0 0 0 0 0 0 0 0 0 0 0 0 0 0 0 0 0 0 0 0 0 0 0 0 0 0 0 0 0 0 0 0 0 0 0 0 0 0 0 0 0 0 0 0 0 0 0 0 0 0 0 0 0 0 0 0 0 0 0 0 0 0 0 0 0 0 0 0 0 0 0 0 0 0 0 0 0 0 0 0 0 0 0 0 0 0 0 0 0 0 0 0 0 0 0 0 0 0 0 0 0 0 0 0 0 0 0 0 0 0 0 0 0 0 0 0 0 0 0 0 0 0 0 0 0 0 0 0 0 0 0 0 0 0 0 0 0 0 0 0 0 0 0 0 0 0 0 0 0 0 0 0 0 0 0 0 0 0 0 0 0 
0 0 0 0 0 0 0 0 0 0 0 0 0 0 0 0 0 0 0 0 0 0 0 0 0 0 0 0 0 0 0 0 0 0 0 0 0 0 0 0 0 0 0 0 0 0 0 0 0 0 0 0 0 0 0 0 0 0 0 0 0 0 0 0 0 0 0 0 0 0 0 0 0 0 0 0 0 0 0 0 0 0 0 0 0 0 0 0 0 0 0 0 0 0 0 0 0 0 0 0 0 0 0 0 0 0 0 0 0 0 0 0 0 0 0 0 0 0 0 0 0 0 0 0 0 0 0 0 0 0 0 0 0 0 0 0 0 0 0 0 0 0 0 0 0 0 0 0 0 0 0 0 0 0 0 0 0 0 0 0 0 0 0 0 0 0 0 0 0 0 0 0 0 0 0 0 0 0 0 0 0 0 0 0 0 0 0 0 0 0 0 0 0 0 0 0 0 0 0 0 0 0 0 0 0 0 0 0 0 0 0 0 0 0 0 0 0 0 0 0 0 0 0 0 0 0 0 0 0 0 0 0 0 0 0 0 0 0 0 0 0 0 0 0 0 0 0 0 0 0 0 0 0 0 0 0 0 0 0 0 0 0 0 0 0 0 0 0 0 0 0 0 0 0 0 0 0 0 0 0 0 0 0 0 0 0 0 0 0 0 0 0 0 0 0 0 0 0 0 0 0 0 0 0 0 0 0 0 0 0 0 0 0 0 0 0 0 0 0 0 0 0 0 0 0 0 0 0 0 0 0 0 0 0 0 0 
0 0 0 0 0 0 0 0 0 0 0 0 0 0 0 0 0 0 0 0 0 0 0 0 0 0 0 0 0 0 0 0 0 0 0 0 0 0 0 0 0 0 0 0 0 0 0 0 0 0 0 0 0 0 0 0 0 0 0 0 0 0 0 0 0 0 0 0 0 0 0 0 0 0 0 0 0 0 0 0 0 0 0 0 0 0 0 0 0 0 0 0 0 0 0 0 0 0 0 0 0 0 0 0 0 0 0 0 0 0 0 0 0 0 0 0 0 0 0 0 0 0 0 0 0 0 0 0 0 0 0 0 0 0 0 0 0 0 0 0 0 0 0 0 0 0 0 0 0 0 0 0 0 0 0 0 0 0 0 0 0 0 0 0 0 0 0 0 0 0 0 0 0 0 0 0 0 0 0 0 0 0 0 0 0 0 0 0 0 0 0 0 0 0 0 0 0 0 0 0 0 0 0 0 0 0 0 0 0 0 0 0 0 0 0 0 0 0 0 0 0 0 0 0 0 0 0 0 0 0 0 0 0 0 0 0 0 0 0 0 0 0 0 0 0 0 0 0 0 0 0 0 0 0 0 0 0 0 0 0 0 0 0 0 0 0 0 0 0 0 0 0 0 0 0 0 0 0 0 0 0 0 0 0 0 0 0 0 0 0 0 0 0 0 0 0 0 0 0 0 0 0 0 0 0 0 0 0 0 0 0 0 0 0 0 0 0 0 0 0 0 0 0 0 0 0 0 0 0 0 0 0 0 0 0 0 
0 0 0 0 0 0 0 0 0 0 0 0 0 0 0 0 0 0 0 0 0 0 0 0 0 0 0 0 0 0 0 0 0 0 0 0 0 0 0 0 0 0 0 0 0 0 0 0 0 0 0 0 0 0 0 0 0 0 0 0 0 0 0 0 0 0 0 0 0 0 0 0 0 0 0 0 0 0 0 0 0 0 0 0 0 0 0 0 0 0 0 0 0 0 0 0 0 0 0 0 0 0 0 0 0 0 0 0 0 0 0 0 0 0 0 0 0 0 0 0 0 0 0 0 0 0 0 0 0 0 0 0 0 0 0 0 0 0 0 0 0 0 0 0 0 0 0 0 0 0 0 0 0 0 0 0 0 0 0 0 0 0 0 0 0 0 0 0 0 0 0 0 0 0 0 0 0 0 0 0 0 0 0 0 0 0 0 0 0 0 0 0 0 0 0 0 0 0 0 0 0 0 0 0 0 0 0 0 0 0 0 0 0 0 0 0 0 0 0 0 0 0 0 0 0 0 0 0 0 0 0 0 0 0 0 0 0 0 0 0 0 0 0 0 0 0 0 0 0 0 0 0 0 0 0 0 0 0 0 0 0 0 0 0 0 0 0 0 0 0 0 0 0 0 0 0 0 0 0 0 0 0 0 0 0 0 0 0 0 0 0 0 0 0 0 0 0 0 0 0 0 0 0 0 0 0 0 0 0 0 0 0 0 0 0 0 0 0 0 0 0 0 0 0 0 0 0 0 0 0 0 0 0 0 0 0 
0 0 0 0 0 0 0 0 0 0 0 0 0 0 0 0 0 0 0 0 0 0 0 0 0 0 0 0 0 0 0 0 0 0 0 0 0 0 0 0 0 0 0 0 0 0 0 0 0 0 0 0 0 0 0 0 0 0 0 0 0 0 0 0 0 0 0 0 0 0 0 0 0 0 0 0 0 0 0 0 0 0 0 0 0 0 0 0 0 0 0 0 0 0 0 0 0 0 0 0 0 0 0 0 0 0 0 0 0 0 0 0 0 0 0 0 0 0 0 0 0 0 0 0 0 0 0 0 0 0 0 0 0 0 0 0 0 0 0 0 0 0 0 0 0 0 0 0 0 0 0 0 0 0 0 0 0 0 0 0 0 0 0 0 0 0 0 0 0 0 0 0 0 0 0 0 0 0 0 0 0 0 0 0 0 0 0 0 0 0 0 0 0 0 0 0 0 0 0 0 0 0 0 0 0 0 0 0 0 0 0 0 0 0 0 0 0 0 0 0 0 0 0 0 0 0 0 0 0 0 0 0 0 0 0 0 0 0 0 0 0 0 0 0 0 0 0 0 0 0 0 0 0 0 0 0 0 0 0 0 0 0 0 0 0 0 0 0 0 0 0 0 0 0 0 0 0 0 0 0 0 0 0 0 0 0 0 0 0 0 0 0 0 0 0 0 0 0 0 0 0 0 0 0 0 0 0 0 0 0 0 0 0 0 0 0 0 0 0 0 0 0 0 0 0 0 0 0 0 0 0 0 0 0 0 0 
0 0 0 0 0 0 0 0 0 0 0 0 0 0 0 0 0 0 0 0 0 0 0 0 0 0 0 0 0 0 0 0 0 0 0 0 0 0 0 0 0 0 0 0 0 0 0 0 0 0 0 0 0 0 0 0 0 0 0 0 0 0 0 0 0 0 0 0 0 0 0 0 0 0 0 0 0 0 0 0 0 0 0 0 0 0 0 0 0 0 0 0 0 0 0 0 0 0 0 0 0 0 0 0 0 0 0 0 0 0 0 0 0 0 0 0 0 0 0 0 0 0 0 0 0 0 0 0 0 0 0 0 0 0 0 0 0 0 0 0 0 0 0 0 0 0 0 0 0 0 0 0 0 0 0 0 0 0 0 0 0 0 0 0 0 0 0 0 0 0 0 0 0 0 0 0 0 0 0 0 0 0 0 0 0 0 0 0 0 0 0 0 0 0 0 0 0 0 0 0 0 0 0 0 0 0 0 0 0 0 0 0 0 0 0 0 0 0 0 0 0 0 0 0 0 0 0 0 0 0 0 0 0 0 0 0 0 0 0 0 0 0 0 0 0 0 0 0 0 0 0 0 0 0 0 0 0 0 0 0 0 0 0 0 0 0 0 0 0 0 0 0 0 0 0 0 0 0 0 0 0 0 0 0 0 0 0 0 0 0 0 0 0 0 0 0 0 0 0 0 0 0 0 0 0 0 0 0 0 0 0 0 0 0 0 0 0 0 0 0 0 0 0 0 0 0 0 0 0 0 0 0 0 0 0 0 
0 0 0 0 0 0 0 0 0 0 0 0 0 0 0 0 0 0 0 0 0 0 0 0 0 0 0 0 0 0 0 0 0 0 0 0 0 0 0 0 0 0 0 0 0 0 0 0 0 0 0 0 0 0 0 0 0 0 0 0 0 0 0 0 0 0 0 0 0 0 0 0 0 0 0 0 0 0 0 0 0 0 0 0 0 0 0 0 0 0 0 0 0 0 0 0 0 0 0 0 0 0 0 0 0 0 0 0 0 0 0 0 0 0 0 0 0 0 0 0 0 0 0 0 0 0 0 0 0 0 0 0 0 0 0 0 0 0 0 0 0 0 0 0 0 0 0 0 0 0 0 0 0 0 0 0 0 0 0 0 0 0 0 0 0 0 0 0 0 0 0 0 0 0 0 0 0 0 0 0 0 0 0 0 0 0 0 0 0 0 0 0 0 0 0 0 0 0 0 0 0 0 0 0 0 0 0 0 0 0 0 0 0 0 0 0 0 0 0 0 0 0 0 0 0 0 0 0 0 0 0 0 0 0 0 0 0 0 0 0 0 0 0 0 0 0 0 0 0 0 0 0 0 0 0 0 0 0 0 0 0 0 0 0 0 0 0 0 0 0 0 0 0 0 0 0 0 0 0 0 0 0 0 0 0 0 0 0 0 0 0 0 0 0 0 0 0 0 0 0 0 0 0 0 0 0 0 0 0 0 0 0 0 0 0 0 0 0 0 0 0 0 0 0 0 0 0 0 0 0 0 0 0 0 0 0 
0 0 0 0 0 0 0 0 0 0 0 0 0 0 0 0 0 0 0 0 0 0 0 0 0 0 0 0 0 0 0 0 0 0 0 0 0 0 0 0 0 0 0 0 0 0 0 0 0 0 0 0 0 0 0 0 0 0 0 0 0 0 0 0 0 0 0 0 0 0 0 0 0 0 0 0 0 0 0 0 0 0 0 0 0 0 0 0 0 0 0 0 0 0 0 0 0 0 0 0 0 0 0 0 0 0 0 0 0 0 0 0 0 0 0 0 0 0 0 0 0 0 0 0 0 0 0 0 0 0 0 0 0 0 0 0 0 0 0 0 0 0 0 0 0 0 0 0 0 0 0 0 0 0 0 0 0 0 0 0 0 0 0 0 0 0 0 0 0 0 0 0 0 0 0 0 0 0 0 0 0 0 0 0 0 0 0 0 0 0 0 0 0 0 0 0 0 0 0 0 0 0 0 0 0 0 0 0 0 0 0 0 0 0 0 0 0 0 0 0 0 0 0 0 0 0 0 0 0 0 0 0 0 0 0 0 0 0 0 0 0 0 0 0 0 0 0 0 0 0 0 0 0 0 0 0 0 0 0 0 0 0 0 0 0 0 0 0 0 0 0 0 0 0 0 0 0 0 0 0 0 0 0 0 0 0 0 0 0 0 0 0 0 0 0 0 0 0 0 0 0 0 0 0 0 0 0 0 0 0 0 0 0 0 0 0 0 0 0 0 0 0 0 0 0 0 0 0 0 0 0 0 0 0 0 0 
0 0 0 0 0 0 0 0 0 0 0 0 0 0 0 0 0 0 0 0 0 0 0 0 0 0 0 0 0 0 0 0 0 0 0 0 0 0 0 0 0 0 0 0 0 0 0 0 0 0 0 0 0 0 0 0 0 0 0 0 0 0 0 0 0 0 0 0 0 0 0 0 0 0 0 0 0 0 0 0 0 0 0 0 0 0 0 0 0 0 0 0 0 0 0 0 0 0 0 0 0 0 0 0 0 0 0 0 0 0 0 0 0 0 0 0 0 0 0 0 0 0 0 0 0 0 0 0 0 0 0 0 0 0 0 0 0 0 0 0 0 0 0 0 0 0 0 0 0 0 0 0 0 0 0 0 0 0 0 0 0 0 0 0 0 0 0 0 0 0 0 0 0 0 0 0 0 0 0 0 0 0 0 0 0 0 0 0 0 0 0 0 0 0 0 0 0 0 0 0 0 0 0 0 0 0 0 0 0 0 0 0 0 0 0 0 0 0 0 0 0 0 0 0 0 0 0 0 0 0 0 0 0 0 0 0 0 0 0 0 0 0 0 0 0 0 0 0 0 0 0 0 0 0 0 0 0 0 0 0 0 0 0 0 0 0 0 0 0 0 0 0 0 0 0 0 0 0 0 0 0 0 0 0 0 0 0 0 0 0 0 0 0 0 0 0 0 0 0 0 0 0 0 0 0 0 0 0 0 0 0 0 0 0 0 0 0 0 0 0 0 0 0 0 0 0 0 0 0 0 0 0 0 0 0 0 
0 0 0 0 0 0 0 0 0 0 0 0 0 0 0 0 0 0 0 0 0 0 0 0 0 0 0 0 0 0 0 0 0 0 0 0 0 0 0 0 0 0 0 0 0 0 0 0 0 0 0 0 0 0 0 0 0 0 0 0 0 0 0 0 0 0 0 0 0 0 0 0 0 0 0 0 0 0 0 0 0 0 0 0 0 0 0 0 0 0 0 0 0 0 0 0 0 0 0 0 0 0 0 0 0 0 0 0 0 0 0 0 0 0 0 0 0 0 0 0 0 0 0 0 0 0 0 0 0 0 0 0 0 0 0 0 0 0 0 0 0 0 0 0 0 0 0 0 0 0 0 0 0 0 0 0 0 0 0 0 0 0 0 0 0 0 0 0 0 0 0 0 0 0 0 0 0 0 0 0 0 0 0 0 0 0 0 0 0 0 0 0 0 0 0 0 0 0 0 0 0 0 0 0 0 0 0 0 0 0 0 0 0 0 0 0 0 0 0 0 0 0 0 0 0 0 0 0 0 0 0 0 0 0 0 0 0 0 0 0 0 0 0 0 0 0 0 0 0 0 0 0 0 0 0 0 0 0 0 0 0 0 0 0 0 0 0 0 0 0 0 0 0 0 0 0 0 0 0 0 0 0 0 0 0 0 0 0 0 0 0 0 0 0 0 0 0 0 0 0 0 0 0 0 0 0 0 0 0 0 0 0 0 0 0 0 0 0 0 0 0 0 0 0 0 0 0 0 0 0 0 0 0 0 0 0 
0 0 0 0 0 0 0 0 0 0 0 0 0 0 0 0 0 0 0 0 0 0 0 0 0 0 0 0 0 0 0 0 0 0 0 0 0 0 0 0 0 0 0 0 0 0 0 0 0 0 0 0 0 0 0 0 0 0 0 0 0 0 0 0 0 0 0 0 0 0 0 0 0 0 0 0 0 0 0 0 0 0 0 0 0 0 0 0 0 0 0 0 0 0 0 0 0 0 0 0 0 0 0 0 0 0 0 0 0 0 0 0 0 0 0 0 0 0 0 0 0 0 0 0 0 0 0 0 0 0 0 0 0 0 0 0 0 0 0 0 0 0 0 0 0 0 0 0 0 0 0 0 0 0 0 0 0 0 0 0 0 0 0 0 0 0 0 0 0 0 0 0 0 0 0 0 0 0 0 0 0 0 0 0 0 0 0 0 0 0 0 0 0 0 0 0 0 0 0 0 0 0 0 0 0 0 0 0 0 0 0 0 0 0 0 0 0 0 0 0 0 0 0 0 0 0 0 0 0 0 0 0 0 0 0 0 0 0 0 0 0 0 0 0 0 0 0 0 0 0 0 0 0 0 0 0 0 0 0 0 0 0 0 0 0 0 0 0 0 0 0 0 0 0 0 0 0 0 0 0 0 0 0 0 0 0 0 0 0 0 0 0 0 0 0 0 0 0 0 0 0 0 0 0 0 0 0 0 0 0 0 0 0 0 0 0 0 0 0 0 0 0 0 0 0 0 0 0 0 0 0 0 0 0 0 0 
0 0 0 0 0 0 0 0 0 0 0 0 0 0 0 0 0 0 0 0 0 0 0 0 0 0 0 0 0 0 0 0 0 0 0 0 0 0 0 0 0 0 0 0 0 0 0 0 0 0 0 0 0 0 0 0 0 0 0 0 0 0 0 0 0 0 0 0 0 0 0 0 0 0 0 0 0 0 0 0 0 0 0 0 0 0 0 0 0 0 0 0 0 0 0 0 0 0 0 0 0 0 0 0 0 0 0 0 0 0 0 0 0 0 0 0 0 0 0 0 0 0 0 0 0 0 0 0 0 0 0 0 0 0 0 0 0 0 0 0 0 0 0 0 0 0 0 0 0 0 0 0 0 0 0 0 0 0 0 0 0 0 0 0 0 0 0 0 0 0 0 0 0 0 0 0 0 0 0 0 0 0 0 0 0 0 0 0 0 0 0 0 0 0 0 0 0 0 0 0 0 0 0 0 0 0 0 0 0 0 0 0 0 0 0 0 0 0 0 0 0 0 0 0 0 0 0 0 0 0 0 0 0 0 0 0 0 0 0 0 0 0 0 0 0 0 0 0 0 0 0 0 0 0 0 0 0 0 0 0 0 0 0 0 0 0 0 0 0 0 0 0 0 0 0 0 0 0 0 0 0 0 0 0 0 0 0 0 0 0 0 0 0 0 0 0 0 0 0 0 0 0 0 0 0 0 0 0 0 0 0 0 0 0 0 0 0 0 0 0 0 0 0 0 0 0 0 0 0 0 0 0 0 0 0 0 
0 0 0 0 0 0 0 0 0 0 0 0 0 0 0 0 0 0 0 0 0 0 0 0 0 0 0 0 0 0 0 0 0 0 0 0 0 0 0 0 0 0 0 0 0 0 0 0 0 0 0 0 0 0 0 0 0 0 0 0 0 0 0 0 0 0 0 0 0 0 0 0 0 0 0 0 0 0 0 0 0 0 0 0 0 0 0 0 0 0 0 0 0 0 0 0 0 0 0 0 0 0 0 0 0 0 0 0 0 0 0 0 0 0 0 0 0 0 0 0 0 0 0 0 0 0 0 0 0 0 0 0 0 0 0 0 0 0 0 0 0 0 0 0 0 0 0 0 0 0 0 0 0 0 0 0 0 0 0 0 0 0 0 0 0 0 0 0 0 0 0 0 0 0 0 0 0 0 0 0 0 0 0 0 0 0 0 0 0 0 0 0 0 0 0 0 0 0 0 0 0 0 0 0 0 0 0 0 0 0 0 0 0 0 0 0 0 0 0 0 0 0 0 0 0 0 0 0 0 0 0 0 0 0 0 0 0 0 0 0 0 0 0 0 0 0 0 0 0 0 0 0 0 0 0 0 0 0 0 0 0 0 0 0 0 0 0 0 0 0 0 0 0 0 0 0 0 0 0 0 0 0 0 0 0 0 0 0 0 0 0 0 0 0 0 0 0 0 0 0 0 0 0 0 0 0 0 0 0 0 0 0 0 0 0 0 0 0 0 0 0 0 0 0 0 0 0 0 0 0 0 0 0 0 0 0 
0 0 0 0 0 0 0 0 0 0 0 0 0 0 0 0 0 0 0 0 0 0 0 0 0 0 0 0 0 0 0 0 0 0 0 0 0 0 0 0 0 0 0 0 0 0 0 0 0 0 0 0 0 0 0 0 0 0 0 0 0 0 0 0 0 0 0 0 0 0 0 0 0 0 0 0 0 0 0 0 0 0 0 0 0 0 0 0 0 0 0 0 0 0 0 0 0 0 0 0 0 0 0 0 0 0 0 0 0 0 0 0 0 0 0 0 0 0 0 0 0 0 0 0 0 0 0 0 0 0 0 0 0 0 0 0 0 0 0 0 0 0 0 0 0 0 0 0 0 0 0 0 0 0 0 0 0 0 0 0 0 0 0 0 0 0 0 0 0 0 0 0 0 0 0 0 0 0 0 0 0 0 0 0 0 0 0 0 0 0 0 0 0 0 0 0 0 0 0 0 0 0 0 0 0 0 0 0 0 0 0 0 0 0 0 0 0 0 0 0 0 0 0 0 0 0 0 0 0 0 0 0 0 0 0 0 0 0 0 0 0 0 0 0 0 0 0 0 0 0 0 0 0 0 0 0 0 0 0 0 0 0 0 0 0 0 0 0 0 0 0 0 0 0 0 0 0 0 0 0 0 0 0 0 0 0 0 0 0 0 0 0 0 0 0 0 0 0 0 0 0 0 0 0 0 0 0 0 0 0 0 0 0 0 0 0 0 0 0 0 0 0 0 0 0 0 0 0 0 0 0 0 0 0 0 0 
0 0 0 0 0 0 0 0 0 0 0 0 0 0 0 0 0 0 0 0 0 0 0 0 0 0 0 0 0 0 0 0 0 0 0 0 0 0 0 0 0 0 0 0 0 0 0 0 0 0 0 0 0 0 0 0 0 0 0 0 0 0 0 0 0 0 0 0 0 0 0 0 0 0 0 0 0 0 0 0 0 0 0 0 0 0 0 0 0 0 0 0 0 0 0 0 0 0 0 0 0 0 0 0 0 0 0 0 0 0 0 0 0 0 0 0 0 0 0 0 0 0 0 0 0 0 0 0 0 0 0 0 0 0 0 0 0 0 0 0 0 0 0 0 0 0 0 0 0 0 0 0 0 0 0 0 0 0 0 0 0 0 0 0 0 0 0 0 0 0 0 0 0 0 0 0 0 0 0 0 0 0 0 0 0 0 0 0 0 0 0 0 0 0 0 0 0 0 0 0 0 0 0 0 0 0 0 0 0 0 0 0 0 0 0 0 0 0 0 0 0 0 0 0 0 0 0 0 0 0 0 0 0 0 0 0 0 0 0 0 0 0 0 0 0 0 0 0 0 0 0 0 0 0 0 0 0 0 0 0 0 0 0 0 0 0 0 0 0 0 0 0 0 0 0 0 0 0 0 0 0 0 0 0 0 0 0 0 0 0 0 0 0 0 0 0 0 0 0 0 0 0 0 0 0 0 0 0 0 0 0 0 0 0 0 0 0 0 0 0 0 0 0 0 0 0 0 0 0 0 0 0 0 0 0 0 
0 0 0 0 0 0 0 0 0 0 0 0 0 0 0 0 0 0 0 0 0 0 0 0 0 0 0 0 0 0 0 0 0 0 0 0 0 0 0 0 0 0 0 0 0 0 0 0 0 0 0 0 0 0 0 0 0 0 0 0 0 0 0 0 0 0 0 0 0 0 0 0 0 0 0 0 0 0 0 0 0 0 0 0 0 0 0 0 0 0 0 0 0 0 0 0 0 0 0 0 0 0 0 0 0 0 0 0 0 0 0 0 0 0 0 0 0 0 0 0 0 0 0 0 0 0 0 0 0 0 0 0 0 0 0 0 0 0 0 0 0 0 0 0 0 0 0 0 0 0 0 0 0 0 0 0 0 0 0 0 0 0 0 0 0 0 0 0 0 0 0 0 0 0 0 0 0 0 0 0 0 0 0 0 0 0 0 0 0 0 0 0 0 0 0 0 0 0 0 0 0 0 0 0 0 0 0 0 0 0 0 0 0 0 0 0 0 0 0 0 0 0 0 0 0 0 0 0 0 0 0 0 0 0 0 0 0 0 0 0 0 0 0 0 0 0 0 0 0 0 0 0 0 0 0 0 0 0 0 0 0 0 0 0 0 0 0 0 0 0 0 0 0 0 0 0 0 0 0 0 0 0 0 0 0 0 0 0 0 0 0 0 0 0 0 0 0 0 0 0 0 0 0 0 0 0 0 0 0 0 0 0 0 0 0 0 0 0 0 0 0 0 0 0 0 0 0 0 0 0 0 0 0 0 0 0 
0 0 0 0 0 0 0 0 0 0 0 0 0 0 0 0 0 0 0 0 0 0 0 0 0 0 0 0 0 0 0 0 0 0 0 0 0 0 0 0 0 0 0 0 0 0 0 0 0 0 0 0 0 0 0 0 0 0 0 0 0 0 0 0 0 0 0 0 0 0 0 0 0 0 0 0 0 0 0 0 0 0 0 0 0 0 0 0 0 0 0 0 0 0 0 0 0 0 0 0 0 0 0 0 0 0 0 0 0 0 0 0 0 0 0 0 0 0 0 0 0 0 0 0 0 0 0 0 0 0 0 0 0 0 0 0 0 0 0 0 0 0 0 0 0 0 0 0 0 0 0 0 0 0 0 0 0 0 0 0 0 0 0 0 0 0 0 0 0 0 0 0 0 0 0 0 0 0 0 0 0 0 0 0 0 0 0 0 0 0 0 0 0 0 0 0 0 0 0 0 0 0 0 0 0 0 0 0 0 0 0 0 0 0 0 0 0 0 0 0 0 0 0 0 0 0 0 0 0 0 0 0 0 0 0 0 0 0 0 0 0 0 0 0 0 0 0 0 0 0 0 0 0 0 0 0 0 0 0 0 0 0 0 0 0 0 0 0 0 0 0 0 0 0 0 0 0 0 0 0 0 0 0 0 0 0 0 0 0 0 0 0 0 0 0 0 0 0 0 0 0 0 0 0 0 0 0 0 0 0 0 0 0 0 0 0 0 0 0 0 0 0 0 0 0 0 0 0 0 0 0 0 0 0 0 0 
0 0 0 0 0 0 0 0 0 0 0 0 0 0 0 0 0 0 0 0 0 0 0 0 0 0 0 0 0 0 0 0 0 0 0 0 0 0 0 0 0 0 0 0 0 0 0 0 0 0 0 0 0 0 0 0 0 0 0 0 0 0 0 0 0 0 0 0 0 0 0 0 0 0 0 0 0 0 0 0 0 0 0 0 0 0 0 0 0 0 0 0 0 0 0 0 0 0 0 0 0 0 0 0 0 0 0 0 0 0 0 0 0 0 0 0 0 0 0 0 0 0 0 0 0 0 0 0 0 0 0 0 0 0 0 0 0 0 0 0 0 0 0 0 0 0 0 0 0 0 0 0 0 0 0 0 0 0 0 0 0 0 0 0 0 0 0 0 0 0 0 0 0 0 0 0 0 0 0 0 0 0 0 0 0 0 0 0 0 0 0 0 0 0 0 0 0 0 0 0 0 0 0 0 0 0 0 0 0 0 0 0 0 0 0 0 0 0 0 0 0 0 0 0 0 0 0 0 0 0 0 0 0 0 0 0 0 0 0 0 0 0 0 0 0 0 0 0 0 0 0 0 0 0 0 0 0 0 0 0 0 0 0 0 0 0 0 0 0 0 0 0 0 0 0 0 0 0 0 0 0 0 0 0 0 0 0 0 0 0 0 0 0 0 0 0 0 0 0 0 0 0 0 0 0 0 0 0 0 0 0 0 0 0 0 0 0 0 0 0 0 0 0 0 0 0 0 0 0 0 0 0 0 0 0 0 
0 0 0 0 0 0 0 0 0 0 0 0 0 0 0 0 0 0 0 0 0 0 0 0 0 0 0 0 0 0 0 0 0 0 0 0 0 0 0 0 0 0 0 0 0 0 0 0 0 0 0 0 0 0 0 0 0 0 0 0 0 0 0 0 0 0 0 0 0 0 0 0 0 0 0 0 0 0 0 0 0 0 0 0 0 0 0 0 0 0 0 0 0 0 0 0 0 0 0 0 0 0 0 0 0 0 0 0 0 0 0 0 0 0 0 0 0 0 0 0 0 0 0 0 0 0 0 0 0 0 0 0 0 0 0 0 0 0 0 0 0 0 0 0 0 0 0 0 0 0 0 0 0 0 0 0 0 0 0 0 0 0 0 0 0 0 0 0 0 0 0 0 0 0 0 0 0 0 0 0 0 0 0 0 0 0 0 0 0 0 0 0 0 0 0 0 0 0 0 0 0 0 0 0 0 0 0 0 0 0 0 0 0 0 0 0 0 0 0 0 0 0 0 0 0 0 0 0 0 0 0 0 0 0 0 0 0 0 0 0 0 0 0 0 0 0 0 0 0 0 0 0 0 0 0 0 0 0 0 0 0 0 0 0 0 0 0 0 0 0 0 0 0 0 0 0 0 0 0 0 0 0 0 0 0 0 0 0 0 0 0 0 0 0 0 0 0 0 0 0 0 0 0 0 0 0 0 0 0 0 0 0 0 0 0 0 0 0 0 0 0 0 0 0 0 0 0 0 0 0 0 0 0 0 0 0 
0 0 0 0 0 0 0 0 0 0 0 0 0 0 0 0 0 0 0 0 0 0 0 0 0 0 0 0 0 0 0 0 0 0 0 0 0 0 0 0 0 0 0 0 0 0 0 0 0 0 0 0 0 0 0 0 0 0 0 0 0 0 0 0 0 0 0 0 0 0 0 0 0 0 0 0 0 0 0 0 0 0 0 0 0 0 0 0 0 0 0 0 0 0 0 0 0 0 0 0 0 0 0 0 0 0 0 0 0 0 0 0 0 0 0 0 0 0 0 0 0 0 0 0 0 0 0 0 0 0 0 0 0 0 0 0 0 0 0 0 0 0 0 0 0 0 0 0 0 0 0 0 0 0 0 0 0 0 0 0 0 0 0 0 0 0 0 0 0 0 0 0 0 0 0 0 0 0 0 0 0 0 0 0 0 0 0 0 0 0 0 0 0 0 0 0 0 0 0 0 0 0 0 0 0 0 0 0 0 0 0 0 0 0 0 0 0 0 0 0 0 0 0 0 0 0 0 0 0 0 0 0 0 0 0 0 0 0 0 0 0 0 0 0 0 0 0 0 0 0 0 0 0 0 0 0 0 0 0 0 0 0 0 0 0 0 0 0 0 0 0 0 0 0 0 0 0 0 0 0 0 0 0 0 0 0 0 0 0 0 0 0 0 0 0 0 0 0 0 0 0 0 0 0 0 0 0 0 0 0 0 0 0 0 0 0 0 0 0 0 0 0 0 0 0 0 0 0 0 0 0 0 0 0 0 0 
0 0 0 0 0 0 0 0 0 0 0 0 0 0 0 0 0 0 0 0 0 0 0 0 0 0 0 0 0 0 0 0 0 0 0 0 0 0 0 0 0 0 0 0 0 0 0 0 0 0 0 0 0 0 0 0 0 0 0 0 0 0 0 0 0 0 0 0 0 0 0 0 0 0 0 0 0 0 0 0 0 0 0 0 0 0 0 0 0 0 0 0 0 0 0 0 0 0 0 0 0 0 0 0 0 0 0 0 0 0 0 0 0 0 0 0 0 0 0 0 0 0 0 0 0 0 0 0 0 0 0 0 0 0 0 0 0 0 0 0 0 0 0 0 0 0 0 0 0 0 0 0 0 0 0 0 0 0 0 0 0 0 0 0 0 0 0 0 0 0 0 0 0 0 0 0 0 0 0 0 0 0 0 0 0 0 0 0 0 0 0 0 0 0 0 0 0 0 0 0 0 0 0 0 0 0 0 0 0 0 0 0 0 0 0 0 0 0 0 0 0 0 0 0 0 0 0 0 0 0 0 0 0 0 0 0 0 0 0 0 0 0 0 0 0 0 0 0 0 0 0 0 0 0 0 0 0 0 0 0 0 0 0 0 0 0 0 0 0 0 0 0 0 0 0 0 0 0 0 0 0 0 0 0 0 0 0 0 0 0 0 0 0 0 0 0 0 0 0 0 0 0 0 0 0 0 0 0 0 0 0 0 0 0 0 0 0 0 0 0 0 0 0 0 0 0 0 0 0 0 0 0 0 0 0 0 
0 0 0 0 0 0 0 0 0 0 0 0 0 0 0 0 0 0 0 0 0 0 0 0 0 0 0 0 0 0 0 0 0 0 0 0 0 0 0 0 0 0 0 0 0 0 0 0 0 0 0 0 0 0 0 0 0 0 0 0 0 0 0 0 0 0 0 0 0 0 0 0 0 0 0 0 0 0 0 0 0 0 0 0 0 0 0 0 0 0 0 0 0 0 0 0 0 0 0 0 0 0 0 0 0 0 0 0 0 0 0 0 0 0 0 0 0 0 0 0 0 0 0 0 0 0 0 0 0 0 0 0 0 0 0 0 0 0 0 0 0 0 0 0 0 0 0 0 0 0 0 0 0 0 0 0 0 0 0 0 0 0 0 0 0 0 0 0 0 0 0 0 0 0 0 0 0 0 0 0 0 0 0 0 0 0 0 0 0 0 0 0 0 0 0 0 0 0 0 0 0 0 0 0 0 0 0 0 0 0 0 0 0 0 0 0 0 0 0 0 0 0 0 0 0 0 0 0 0 0 0 0 0 0 0 0 0 0 0 0 0 0 0 0 0 0 0 0 0 0 0 0 0 0 0 0 0 0 0 0 0 0 0 0 0 0 0 0 0 0 0 0 0 0 0 0 0 0 0 0 0 0 0 0 0 0 0 0 0 0 0 0 0 0 0 0 0 0 0 0 0 0 0 0 0 0 0 0 0 0 0 0 0 0 0 0 0 0 0 0 0 0 0 0 0 0 0 0 0 0 0 0 0 0 0 0 
0 0 0 0 0 0 0 0 0 0 0 0 0 0 0 0 0 0 0 0 0 0 0 0 0 0 0 0 0 0 0 0 0 0 0 0 0 0 0 0 0 0 0 0 0 0 0 0 0 0 0 0 0 0 0 0 0 0 0 0 0 0 0 0 0 0 0 0 0 0 0 0 0 0 0 0 0 0 0 0 0 0 0 0 0 0 0 0 0 0 0 0 0 0 0 0 0 0 0 0 0 0 0 0 0 0 0 0 0 0 0 0 0 0 0 0 0 0 0 0 0 0 0 0 0 0 0 0 0 0 0 0 0 0 0 0 0 0 0 0 0 0 0 0 0 0 0 0 0 0 0 0 0 0 0 0 0 0 0 0 0 0 0 0 0 0 0 0 0 0 0 0 0 0 0 0 0 0 0 0 0 0 0 0 0 0 0 0 0 0 0 0 0 0 0 0 0 0 0 0 0 0 0 0 0 0 0 0 0 0 0 0 0 0 0 0 0 0 0 0 0 0 0 0 0 0 0 0 0 0 0 0 0 0 0 0 0 0 0 0 0 0 0 0 0 0 0 0 0 0 0 0 0 0 0 0 0 0 0 0 0 0 0 0 0 0 0 0 0 0 0 0 0 0 0 0 0 0 0 0 0 0 0 0 0 0 0 0 0 0 0 0 0 0 0 0 0 0 0 0 0 0 0 0 0 0 0 0 0 0 0 0 0 0 0 0 0 0 0 0 0 0 0 0 0 0 0 0 0 0 0 0 0 0 0 0 
0 0 0 0 0 0 0 0 0 0 0 0 0 0 0 0 0 0 0 0 0 0 0 0 0 0 0 0 0 0 0 0 0 0 0 0 0 0 0 0 0 0 0 0 0 0 0 0 0 0 0 0 0 0 0 0 0 0 0 0 0 0 0 0 0 0 0 0 0 0 0 0 0 0 0 0 0 0 0 0 0 0 0 0 0 0 0 0 0 0 0 0 0 0 0 0 0 0 0 0 0 0 0 0 0 0 0 0 0 0 0 0 0 0 0 0 0 0 0 0 0 0 0 0 0 0 0 0 0 0 0 0 0 0 0 0 0 0 0 0 0 0 0 0 0 0 0 0 0 0 0 0 0 0 0 0 0 0 0 0 0 0 0 0 0 0 0 0 0 0 0 0 0 0 0 0 0 0 0 0 0 0 0 0 0 0 0 0 0 0 0 0 0 0 0 0 0 0 0 0 0 0 0 0 0 0 0 0 0 0 0 0 0 0 0 0 0 0 0 0 0 0 0 0 0 0 0 0 0 0 0 0 0 0 0 0 0 0 0 0 0 0 0 0 0 0 0 0 0 0 0 0 0 0 0 0 0 0 0 0 0 0 0 0 0 0 0 0 0 0 0 0 0 0 0 0 0 0 0 0 0 0 0 0 0 0 0 0 0 0 0 0 0 0 0 0 0 0 0 0 0 0 0 0 0 0 0 0 0 0 0 0 0 0 0 0 0 0 0 0 0 0 0 0 0 0 0 0 0 0 0 0 0 0 0 0 
0 0 0 0 0 0 0 0 0 0 0 0 0 0 0 0 0 0 0 0 0 0 0 0 0 0 0 0 0 0 0 0 0 0 0 0 0 0 0 0 0 0 0 0 0 0 0 0 0 0 0 0 0 0 0 0 0 0 0 0 0 0 0 0 0 0 0 0 0 0 0 0 0 0 0 0 0 0 0 0 0 0 0 0 
0 6110 6110 6110 6110 6110 6110 6110 6110 6110 6110 6110 6110 6110 6110 6110 6110 6110 6110 6110 6110 6110 6110 6110 6110 6110 6110 6110 6110 6110 6110 6110 6110 6110 6110 6110 6110 6110 6110 6110 6110 6110 6110 6110 6110 6110 6110 6110 6110 6110 6110 6110 6110 6110 6110 6110 6110 6110 6110 6110 6110 6110 6110 6110 6110 6110 6110 6110 6110 6110 6110 6110 6110 6110 6110 6110 6110 6110 6110 6110 6110 6110 6110 0 
0 6110 6110 6110 6110 6110 6110 6110 6110 6110 6110 6110 6110 6110 6110 6110 6110 6110 6110 6110 6110 6110 6110 6110 6110 6110 6110 6110 6110 6110 6110 6110 6110 6110 6110 6110 6110 6110 6110 6110 6110 6110 6110 6110 6110 6110 6110 6110 6110 6110 6110 6110 6110 6110 6110 6110 6110 6110 6110 6110 6110 6110 6110 6110 6110 6110 6110 6110 6110 6110 6110 6110 6110 6110 6110 6110 6110 6110 6110 6110 6110 6110 6110 0 
0 6110 6110 6110 6110 6110 6110 6110 6110 6110 6110 6110 6110 6110 6110 6110 6110 6110 6110 6110 6110 6110 6110 6110 6110 6110 6110 6110 6110 6110 6110 6110 6110 6110 6110 6110 6110 6110 6110 6110 6110 6110 6110 6110 6110 6110 6110 6110 6110 6110 6110 6110 6110 6110 6110 6110 6110 6110 6110 6110 6110 6110 6110 6110 6110 6110 6110 6110 6110 6110 6110 6110 6110 6110 6110 6110 6110 6110 6110 6110 6110 6110 6110 0 
0 6110 6110 6110 6110 6110 6110 6110 6110 6110 6110 6110 6110 6110 6110 6110 6110 6110 6110 6110 6110 6110 6110 6110 6110 6110 6110 6110 6110 6110 6110 6110 6110 6110 6110 6110 6110 6110 6110 6110 6110 6110 6110 6110 6110 6110 6110 6110 6110 6110 6110 6110 6110 6110 6110 6110 6110 6110 6110 6110 6110 6110 6110 6110 6110 6110 6110 6110 6110 6110 6110 6110 6110 6110 6110 6110 6110 6110 6110 6110 6110 6110 6110 0 
0 6110 6110 6110 6110 6110 6110 6110 6110 6110 6110 6110 6110 6110 6110 6110 6110 6110 6110 6110 6110 6110 6110 6110 6110 6110 6110 6110 6110 6110 6110 6110 6110 6110 6110 6110 6110 6110 6110 6110 6110 6110 6110 6110 6110 6110 6110 6110 6110 6110 6110 6110 6110 6110 6110 6110 6110 6110 6110 6110 6110 6110 6110 6110 6110 6110 6110 6110 6110 6110 6110 6110 6110 6110 6110 6110 6110 6110 6110 6110 6110 6110 6110 0 
0 6110 6110 6110 6110 6110 6110 6110 6110 6110 6110 6110 6110 6110 6110 6110 6110 6110 6110 6110 6110 6110 6110 6110 6110 6110 6110 6110 6110 6110 6110 6110 6110 6110 6110 6110 6110 6110 6110 6110 6110 6110 6110 6110 6110 6110 6110 6110 6110 6110 6110 6110 6110 6110 6110 6110 6110 6110 6110 6110 6110 6110 6110 6110 6110 6110 6110 6110 6110 6110 6110 6110 6110 6110 6110 6110 6110 6110 6110 6110 6110 6110 6110 0 
0 6110 6110 6110 6110 6110 6110 6110 6110 6110 6110 6110 6110 6110 6110 0 6110 6110 6110 6110 6110 6110 6110 6110 6110 6110 6110 6110 0 6110 6110 6110 6110 6110 6110 6110 6110 6110 6110 6110 6110 6110 6110 6110 6110 6110 6110 6110 6110 6110 6110 6110 6110 6110 6110 6110 6110 6110 6110 6110 6110 6110 6110 6110 6110 6110 6110 6110 6110 6110 6110 6110 6110 6110 6110 6110 6110 6110 6110 6110 6110 6110 6110 0 
0 6110 6110 6110 6110 6110 6110 6110 6110 6110 6110 6110 6110 6110 6110 0 6110 6110 6110 6110 6110 6110 6110 6110 6110 6110 6110 6110 0 6110 6110 6110 6110 6110 6110 6110 6110 6110 6110 6110 6110 6110 6110 6110 6110 6110 6110 6110 6110 6110 6110 6110 6110 6110 6110 6110 6110 6110 6110 6110 6110 6110 6110 6110 6110 6110 6110 6110 6110 6110 6110 6110 6110 6110 6110 6110 6110 6110 6110 6110 6110 6110 6110 0 
0 6110 6110 6110 6110 6110 6110 6110 6110 6110 6110 6110 6110 6110 6110 0 6110 6110 6110 6110 6110 6110 6110 6110 6110 6110 6110 6110 0 6110 6110 6110 6110 6110 6110 6110 6110 6110 6110 6110 6110 6110 6110 6110 6110 6110 6110 6110 6110 6110 6110 6110 6110 6110 6110 6110 6110 6110 6110 6110 6110 6110 6110 6110 6110 6110 6110 6110 6110 6110 6110 6110 6110 6110 6110 6110 6110 6110 6110 6110 6110 6110 6110 0 
0 6110 6110 6110 6110 6110 6110 6110 6110 6110 6110 6110 6110 6110 6110 0 6110 6110 6110 6110 6110 6110 6110 6110 6110 6110 6110 6110 0 6110 6110 6110 6110 6110 6110 6110 6110 6110 6110 6110 6110 6110 6110 6110 6110 6110 6110 6110 6110 6110 6110 6110 6110 6110 6110 6110 6110 6110 6110 6110 6110 6110 6110 6110 6110 6110 6110 6110 6110 6110 6110 6110 6110 6110 6110 6110 6110 6110 6110 6110 6110 6110 6110 0 
0 6110 6110 6110 6110 6110 6110 6110 6110 6110 6110 6110 6110 6110 6110 0 6110 6110 6110 6110 6110 6110 6110 6110 6110 6110 6110 6110 0 6110 6110 6110 6110 6110 6110 6110 6110 6110 6110 6110 6110 6110 6110 6110 6110 6110 6110 6110 6110 6110 6110 6110 6110 6110 6110 6110 6110 6110 6110 6110 6110 6110 6110 6110 6110 6110 6110 6110 6110 6110 6110 6110 6110 6110 6110 6110 6110 6110 6110 6110 6110 6110 6110 0 
0 6110 6110 6110 6110 6110 6110 6110 6110 6110 6110 6110 6110 6110 6110 0 6110 6110 6110 6110 6110 6110 6110 6110 6110 6110 6110 6110 0 6110 6110 6110 6110 6110 6110 6110 6110 6110 6110 6110 6110 6110 6110 6110 6110 6110 6110 6110 6110 6110 6110 6110 6110 6110 6110 6110 6110 6110 6110 6110 6110 6110 6110 6110 6110 6110 6110 6110 6110 6110 6110 6110 6110 6110 6110 6110 6110 6110 6110 6110 6110 6110 6110 0 
0 6110 6110 6110 6110 6110 6110 6110 6110 6110 6110 6110 6110 6110 6110 0 6110 6110 6110 6110 6110 6110 6110 6110 6110 6110 6110 6110 0 6110 6110 6110 6110 6110 6110 6110 6110 6110 6110 6110 6110 6110 6110 6110 6110 6110 6110 6110 6110 6110 6110 6110 6110 6110 6110 6110 6110 6110 6110 6110 6110 6110 6110 6110 6110 6110 6110 6110 6110 6110 6110 6110 6110 6110 6110 6110 6110 6110 6110 6110 6110 6110 6110 0 
0 6110 6110 6110 6110 6110 6110 6110 6110 6110 6110 6110 6110 6110 6110 0 6110 6110 6110 6110 6110 6110 6110 6110 6110 6110 6110 6110 0 6110 6110 6110 6110 6110 6110 6110 6110 6110 6110 6110 6110 6110 6110 6110 6110 6110 6110 6110 6110 6110 6110 6110 6110 6110 6110 6110 6110 6110 6110 6110 6110 6110 6110 6110 6110 6110 6110 6110 6110 6110 6110 6110 6110 6110 6110 6110 6110 6110 6110 6110 6110 6110 6110 0 
0 6110 6110 6110 6110 6110 6110 6110 6110 6110 6110 6110 6110 6110 6110 0 6110 6110 6110 6110 6110 6110 6110 6110 6110 6110 6110 6110 0 6110 6110 6110 6110 6110 6110 6110 6110 6110 6110 6110 6110 6110 6110 6110 6110 6110 6110 6110 6110 6110 6110 6110 6110 6110 6110 6110 6110 6110 6110 6110 6110 6110 6110 6110 6110 6110 6110 6110 6110 6110 6110 6110 6110 6110 6110 6110 6110 6110 6110 6110 6110 6110 6110 0 
0 6110 6110 6110 6110 6110 6110 6110 6110 6110 6110 6110 6110 6110 6110 0 6110 6110 6110 6110 6110 6110 6110 6110 6110 6110 6110 6110 0 6110 6110 6110 6110 6110 6110 6110 6110 6110 6110 6110 6110 6110 6110 6110 6110 6110 6110 6110 6110 6110 6110 6110 6110 6110 6110 6110 6110 6110 6110 6110 6110 6110 6110 6110 6110 6110 6110 6110 6110 6110 6110 6110 6110 6110 6110 6110 6110 6110 6110 6110 6110 6110 6110 0 
0 6110 6110 6110 6110 6110 6110 6110 6110 6110 6110 6110 6110 6110 6110 0 6110 6110 6110 6110 6110 6110 6110 6110 6110 6110 6110 6110 0 6110 6110 6110 6110 6110 6110 6110 6110 6110 6110 6110 6110 6110 6110 6110 6110 6110 6110 6110 6110 6110 6110 6110 6110 6110 6110 6110 6110 6110 6110 6110 6110 6110 6110 6110 6110 6110 6110 6110 6110 6110 6110 6110 6110 6110 6110 6110 6110 6110 6110 6110 6110 6110 6110 0 
0 6110 6110 6110 6110 6110 6110 6110 6110 6110 6110 6110 6110 6110 6110 0 6110 6110 6110 6110 6110 6110 6110 6110 6110 6110 6110 6110 0 6110 6110 6110 6110 6110 6110 6110 6110 6110 6110 6110 6110 6110 6110 6110 6110 6110 6110 6110 6110 6110 6110 6110 6110 6110 6110 6110 6110 6110 6110 6110 6110 6110 6110 6110 6110 6110 6110 6110 6110 6110 6110 6110 6110 6110 6110 6110 6110 6110 6110 6110 6110 6110 6110 0 
0 6110 6110 6110 6110 6110 6110 6110 6110 6110 6110 6110 6110 6110 6110 0 6110 6110 6110 6110 6110 6110 6110 6110 6110 6110 6110 6110 0 6110 6110 6110 6110 6110 6110 6110 6110 6110 6110 6110 6110 6110 6110 6110 6110 6110 6110 6110 6110 6110 6110 6110 6110 6110 6110 6110 6110 6110 6110 6110 6110 6110 6110 6110 6110 6110 6110 6110 6110 6110 6110 6110 6110 6110 6110 6110 6110 6110 6110 6110 6110 6110 6110 0 
0 6110 6110 6110 6110 6110 6110 6110 6110 6110 6110 6110 6110 6110 6110 0 6110 6110 6110 6110 6110 6110 6110 6110 6110 6110 6110 6110 0 6110 6110 6110 6110 6110 6110 6110 6110 6110 6110 6110 6110 6110 6110 6110 6110 6110 6110 6110 6110 6110 6110 6110 6110 6110 6110 6110 6110 6110 6110 6110 6110 6110 6110 6110 6110 6110 6110 6110 6110 6110 6110 6110 6110 6110 6110 6110 6110 6110 6110 6110 6110 6110 6110 0 
0 6110 6110 6110 6110 6110 6110 6110 6110 6110 6110 6110 6110 6110 6110 0 6110 6110 6110 6110 6110 6110 6110 6110 6110 6110 6110 6110 0 6110 6110 6110 6110 6110 6110 6110 6110 6110 6110 6110 6110 6110 6110 6110 6110 6110 6110 6110 6110 6110 6110 6110 6110 6110 6110 6110 6110 6110 6110 6110 6110 6110 6110 6110 6110 6110 6110 6110 6110 6110 6110 6110 6110 6110 6110 6110 6110 6110 6110 6110 6110 6110 6110 0 
0 6110 6110 6110 6110 6110 6110 6110 6110 6110 6110 6110 6110 6110 6110 0 6110 6110 6110 6110 6110 6110 6110 6110 6110 6110 6110 6110 0 0 0 0 0 0 0 0 0 0 0 0 0 0 0 0 6110 6110 6110 6110 6110 6110 6110 6110 6110 6110 6110 6110 6110 6110 6110 6110 6110 6110 6110 6110 6110 0 6110 6110 6110 6110 6110 6110 6110 6110 6110 6110 6110 6110 6110 6110 6110 6110 6110 0 
0 6110 6110 6110 6110 6110 6110 6110 6110 6110 6110 6110 6110 6110 6110 6110 6110 6110 6110 6110 6110 6110 6110 6110 6110 6110 6110 6110 0 6110 6110 6110 6110 6110 6110 6110 6110 6110 6110 6110 6110 6110 6110 6110 6110 6110 6110 6110 6110 6110 6110 6110 6110 6110 6110 6110 6110 6110 6110 6110 6110 6110 6110 6110 6110 0 6110 6110 6110 6110 6110 6110 6110 6110 6110 6110 6110 6110 6110 6110 6110 6110 6110 0 
0 6110 6110 6110 6110 6110 6110 6110 6110 6110 6110 6110 6110 6110 6110 6110 6110 6110 6110 6110 6110 6110 6110 6110 6110 6110 6110 6110 0 6110 6110 6110 6110 6110 6110 6110 6110 6110 6110 6110 6110 6110 6110 6110 6110 6110 6110 6110 6110 6110 6110 6110 6110 6110 6110 6110 6110 6110 6110 6110 6110 6110 6110 6110 6110 0 6110 6110 6110 6110 6110 6110 6110 6110 6110 6110 6110 6110 6110 6110 6110 6110 6110 0 
0 6110 6110 6110 6110 6110 6110 6110 6110 6110 6110 6110 6110 6110 6110 6110 6110 6110 6110 6110 6110 6110 6110 6110 6110 6110 6110 6110 0 6110 6110 6110 6110 6110 6110 6110 6110 6110 6110 6110 6110 6110 6110 6110 6110 6110 6110 6110 6110 6110 6110 6110 6110 6110 6110 6110 6110 6110 6110 6110 6110 6110 6110 6110 6110 0 6110 6110 6110 6110 6110 6110 6110 6110 6110 6110 6110 6110 6110 6110 6110 6110 6110 0 
0 0 0 0 0 0 0 0 0 0 0 0 0 0 0 0 0 0 0 0 0 0 0 0 0 0 0 0 0 0 0 0 0 0 0 0 0 0 0 0 0 0 0 0 0 0 0 0 0 0 0 0 0 0 0 0 0 0 0 0 0 0 0 0 0 0 6110 6110 6110 6110 6110 6110 6110 6110 6110 6110 6110 6110 6110 6110 6110 6110 6110 0 
0 6110 6110 6110 6110 6110 6110 6110 6110 6110 6110 6110 6110 6110 6110 6110 6110 6110 6110 6110 6110 6110 6110 6110 6110 6110 6110 6110 6110 6110 6110 6110 6110 6110 6110 6110 6110 6110 6110 6110 6110 6110 6110 6110 6110 6110 6110 6110 6110 6110 6110 6110 6110 6110 6110 6110 6110 6110 6110 6110 6110 6110 6110 6110 6110 6110 6110 6110 6110 6110 6110 6110 6110 6110 6110 6110 6110 6110 6110 6110 6110 6110 6110 0 
0 6110 6110 6110 6110 6110 6110 6110 6110 6110 6110 6110 6110 6110 6110 6110 6110 6110 6110 6110 6110 6110 6110 6110 6110 6110 6110 6110 6110 6110 6110 6110 6110 6110 6110 6110 6110 6110 6110 6110 6110 6110 6110 6110 6110 6110 6110 6110 6110 6110 6110 6110 6110 6110 6110 6110 6110 6110 6110 6110 6110 6110 6110 6110 6110 6110 6110 6110 6110 6110 6110 6110 6110 6110 6110 6110 6110 6110 6110 6110 6110 6110 6110 0 
0 6110 6110 6110 6110 6110 6110 6110 6110 6110 6110 6110 6110 6110 6110 6110 6110 6110 6110 6110 6110 6110 6110 6110 6110 6110 6110 6110 6110 6110 6110 6110 6110 6110 6110 6110 6110 6110 6110 6110 6110 6110 6110 6110 6110 6110 6110 6110 6110 6110 6110 6110 6110 6110 6110 6110 6110 6110 6110 6110 6110 6110 6110 6110 6110 6110 6110 6110 6110 6110 6110 6110 6110 6110 6110 6110 6110 6110 6110 6110 6110 6110 6110 0 
0 6110 6110 6110 6110 6110 6110 6110 6110 6110 6110 6110 6110 6110 6110 6110 6110 6110 6110 6110 6110 6110 6110 6110 6110 6110 6110 6110 6110 6110 6110 6110 6110 6110 6110 6110 6110 6110 6110 6110 6110 6110 6110 6110 6110 6110 6110 6110 6110 6110 6110 6110 6110 6110 6110 6110 6110 6110 6110 6110 6110 6110 6110 6110 6110 6110 6110 6110 6110 6110 6110 6110 6110 6110 6110 6110 6110 6110 6110 6110 6110 6110 6110 0 
0 6110 6110 6110 6110 6110 6110 6110 6110 6110 6110 6110 6110 6110 6110 6110 6110 6110 6110 6110 6110 6110 6110 6110 6110 6110 6110 6110 6110 6110 6110 6110 6110 6110 6110 6110 6110 6110 6110 6110 6110 6110 6110 6110 6110 6110 6110 6110 6110 6110 6110 6110 6110 6110 6110 6110 6110 6110 6110 6110 6110 6110 6110 6110 6110 6110 6110 6110 6110 6110 6110 6110 6110 6110 6110 6110 6110 6110 6110 6110 6110 6110 6110 0 
0 6110 6110 6110 6110 6110 6110 6110 6110 6110 6110 6110 6110 6110 6110 6110 6110 6110 6110 6110 6110 6110 6110 6110 6110 6110 6110 6110 6110 6110 6110 6110 6110 6110 6110 6110 6110 6110 6110 6110 6110 6110 6110 6110 6110 6110 6110 6110 6110 6110 6110 6110 6110 6110 6110 6110 6110 6110 6110 6110 6110 6110 6110 6110 6110 6110 6110 6110 6110 6110 6110 6110 6110 6110 6110 6110 6110 6110 6110 6110 6110 6110 6110 0 
0 6110 6110 6110 6110 6110 6110 6110 6110 6110 6110 6110 6110 6110 6110 6110 6110 6110 6110 6110 6110 6110 6110 6110 6110 6110 6110 6110 6110 6110 6110 6110 6110 6110 6110 6110 6110 6110 6110 6110 6110 6110 6110 6110 6110 6110 6110 6110 6110 6110 6110 6110 6110 6110 6110 6110 6110 6110 6110 6110 6110 6110 6110 6110 6110 6110 6110 6110 6110 6110 6110 6110 6110 6110 6110 6110 6110 6110 6110 6110 6110 6110 6110 0 
0 6110 6110 6110 6110 6110 6110 6110 6110 6110 6110 6110 6110 6110 6110 6110 6110 6110 6110 6110 6110 6110 6110 6110 6110 6110 6110 6110 6110 6110 6110 6110 6110 6110 6110 6110 6110 6110 6110 6110 6110 6110 6110 6110 6110 6110 6110 6110 6110 6110 6110 6110 6110 6110 6110 6110 6110 6110 6110 6110 6110 6110 6110 6110 6110 6110 6110 6110 6110 6110 6110 6110 6110 6110 6110 6110 6110 6110 6110 6110 6110 6110 6110 0 
0 0 0 0 0 0 0 0 0 0 0 0 0 0 0 0 0 0 0 0 0 0 0 0 0 0 0 0 0 0 0 0 0 0 0 0 0 0 0 0 0 0 0 0 0 0 0 0 0 0 0 0 0 0 0 0 0 0 0 0 0 0 0 0 0 0 0 0 0 0 0 0 0 0 0 0 0 0 0 0 0 0 0 0 
6110